302672
302618
302619
302722
302723
302673
302620
302556
302615
302789
302763
302674
302764
302725
302621
302675
302726
302622
302676
302557
302677
302623
302558
302559
302760
302727
302624
302790
302724
302791
302728
302625
302560
302678
302729
302730
302626
302561
302562
302563
302679
302564
302765
302792
302565
302627
302793
302731
302732
302566
302762
302628
302629
302680
302681
302567
302682
302733
302734
302568
302794
302683
302569
302570
302571
302684
302572
302685
302766
302795
302767
302686
302687
302573
302688
302735
302630
302796
302689
302574
302690
302736
302575
302576
302737
302577
302691
302616
302738
302768
302578
302797
302631
350209
302739
302692
302740
302693
302632
302694
302633
302695
302634
302635
302636
302637
302696
302697
302698
302741
302638
302639
302579
302640
302641
302769
302580
302742
302642
302643
302644
302743
302645
302646
302647
302744
302699
302648
302581
302582
302700
302701
302702
302583
302584
302703
302704
302705
302759
302585
302770
302706
302586
302649
302650
302651
302771
302745
302587
302746
302707
302588
302652
302589
302747
302653
302590
302591
302772
302592
302773
302593
302748
302708
302709
302654
302774
302775
302776
302655
302749
302798
302777
302778
302656
302657
302710
302750
302779
302751
302658
302711
302780
302799
302659
302594
302712
302713
302714
302595
302660
302781
302596
302597
302715
302661
302598
302716
302717
302599
302718
302600
302601
302800
302614
302602
302752
302761
302662
302603
302753
302604
302617
302605
302663
302664
302782
302665
302666
302606
302783
302667
302754
302784
302668
302607
302719
302608
302785
302755
302801
302669
302721
302756
302802
302757
302758
302670
302786
302787
302788
302720
593722
302671
302609
302610
302611
302612
302613
