111450.0
110700.0
114400.0
109700.0
108200.0
110200.0
108900.0
111250.0
110600.0
108200.0
111000.0
111800.0
110000.0
108800.0
110000.0
111600.0
111400.0
108400.0
109000.0
111400.0
109400.0
109300.0
109800.0
108800.0
114800.0
113100.0
116700.0
116700.0
113300.0
115500.0
116100.0
116300.0
112500.0
109700.0
112400.0
108450.0
116300.0
114500.0
112900.0
113700.0
114600.0
113300.0
113200.0
113000.0
115100.0
112100.0
115900.0
113100.0
117800.0
112000.0
116200.0
114400.0
115300.0
110200.0
108600.0
116400.0
114300.0
112100.0
112700.0
117800.0
114000.0
112700.0
116700.0
117200.0
115400.0
114300.0
112600.0
112900.0
113100.0
109800.0
116100.0
114400.0
114900.0
134000.0
110000.0
115300.0
112000.0
110400.0
114800.0
113600.0
116700.0
113400.0
109000.0
109600.0
109300.0
108600.0
113200.0
111800.0
117100.0
112900.0
115600.0
117800.0
114800.0
113400.0
113450.0
110200.0
113600.0
117300.0
112800.0
114400.0
116000.0
112050.0
110000.0
113300.0
115800.0
115300.0
111200.0
116950.0
115500.0
115200.0
114500.0
115800.0
113800.0
117900.0
112300.0
115000.0
112600.0
112200.0
112500.0
113900.0
113800.0
116400.0
113800.0
114700.0
116100.0
113700.0
113950.0
116100.0
115100.0
113500.0
133400.0
115500.0
116300.0
114100.0
113950.0
116300.0
112700.0
113500.0
110650.0
114300.0
114800.0
112200.0
114300.0
113300.0
112700.0
114900.0
115600.0
117100.0
115400.0
113500.0
113700.0
109100.0
114500.0
112400.0
112700.0
112050.0
114000.0
112900.0
115200.0
108600.0
116700.0
116700.0
108800.0
114800.0
112500.0
113100.0
112700.0
115700.0
109000.0
108200.0
113900.0
114500.0
113900.0
111600.0
113600.0
116500.0
116000.0
116700.0
116000.0
112600.0
112800.0
109800.0
112400.0
117000.0
115900.0
108750.0
116000.0
114500.0
112300.0
112200.0
115300.0
113700.0
112300.0
116100.0
117700.0
114200.0
114000.0
113750.0
110200.0
115900.0
117400.0
116100.0
114650.0
113400.0
116900.0
114900.0
112300.0
112600.0
114400.0
116600.0
114000.0
111400.0
115900.0
113000.0
114500.0
111600.0
116100.0
110600.0
117100.0
116400.0
113500.0
113500.0
114000.0
117200.0
112800.0
115600.0
117100.0
110200.0
115500.0
114000.0
109000.0
111200.0
109650.0
108600.0
113400.0
115800.0
116400.0
113000.0
113300.0
113100.0
115300.0
112700.0
115100.0
113900.0
115500.0
115800.0
113600.0
112200.0
114900.0
112800.0
133700.0
113700.0
108300.0
113400.0
117400.0
116400.0
111600.0
116200.0
117300.0
108200.0
110600.0
116600.0
116600.0
116000.0
115500.0
112800.0
112200.0
112600.0
109600.0
112100.0
113900.0
115300.0
113500.0
112750.0
116200.0
114300.0
112800.0
108100.0
116700.0
117450.0
116000.0
113900.0
109400.0
114700.0
113900.0
112700.0
113200.0
115100.0
111600.0
114700.0
114200.0
109000.0
111000.0
112100.0
108200.0
117200.0
116700.0
108800.0
114900.0
114400.0
113800.0
11495.0
115800.0
117300.0
117200.0
116500.0
113950.0
114100.0
116500.0
116600.0
112600.0
112800.0
111500.0
110000.0
113500.0
116200.0
108600.0
110600.0
112700.0
115800.0
113500.0
112600.0
112500.0
114800.0
112200.0
114300.0
112000.0
113500.0
112050.0
115400.0
114200.0
112000.0
117900.0
117700.0
109000.0
114900.0
116900.0
115100.0
109600.0
116800.0
112500.0
114500.0
115000.0
114300.0
116500.0
111800.0
114200.0
112900.0
112300.0
115400.0
113500.0
108600.0
115800.0
113800.0
117700.0
115300.0
109600.0
117700.0
109150.0
114300.0
113700.0
115800.0
117700.0
108800.0
115100.0
116250.0
117300.0
116700.0
116100.0
116100.0
116200.0
114600.0
116700.0
110000.0
113600.0
117400.0
113700.0
116200.0
117450.0
116200.0
117500.0
112100.0
116900.0
116700.0
114100.0
115900.0
117900.0
113750.0
108200.0
110400.0
117450.0
112100.0
113200.0
112500.0
114100.0
115900.0
117400.0
114400.0
113100.0
114500.0
117000.0
117200.0
112400.0
111000.0
116300.0
115300.0
113750.0
113900.0
117450.0
117500.0
112200.0
114300.0
113900.0
113300.0
114400.0
110800.0
117600.0
112700.0
117800.0
116500.0
117500.0
117100.0
117200.0
116000.0
113700.0
114500.0
112200.0
113500.0
111200.0
114500.0
112200.0
116450.0
114000.0
113200.0
116900.0
114800.0
110600.0
112500.0
111400.0
117200.0
112200.0
115300.0
116200.0
116300.0
115900.0
115900.0
114100.0
113600.0
112000.0
114500.0
117600.0
116200.0
114100.0
115300.0
108500.0
115900.0
117700.0
115900.0
112300.0
114850.0
110000.0
114000.0
112300.0
114700.0
112400.0
108800.0
114150.0
109400.0
116600.0
109400.0
116000.0
115700.0
115900.0
113500.0
115800.0
116500.0
113500.0
116000.0
117500.0
114700.0
114150.0
109400.0
114600.0
117300.0
117100.0
116400.0
113400.0
115200.0
114300.0
114700.0
115900.0
110600.0
112900.0
115800.0
110800.0
114500.0
116200.0
112200.0
117450.0
112400.0
113100.0
113100.0
112300.0
117900.0
114100.0
113500.0
115100.0
114700.0
108600.0
117900.0
109600.0
114200.0
110600.0
113200.0
114100.0
114600.0
113100.0
116800.0
114300.0
110800.0
111900.0
112400.0
110800.0
112700.0
115100.0
114700.0
112500.0
113400.0
112500.0
116200.0
114100.0
114100.0
115000.0
115000.0
113000.0
114300.0
115100.0
109500.0
114300.0
114300.0
117500.0
112100.0
111650.0
113000.0
109600.0
116700.0
114500.0
112100.0
116900.0
113500.0
117800.0
116900.0
115100.0
115200.0
117550.0
109200.0
115400.0
114100.0
112900.0
117200.0
111300.0
114600.0
117000.0
114200.0
109800.0
112200.0
114900.0
112600.0
112400.0
117300.0
117300.0
112050.0
114700.0
112300.0
112900.0
117100.0
113400.0
117600.0
112500.0
109000.0
114000.0
114600.0
115100.0
117750.0
113600.0
115900.0
108400.0
114350.0
112200.0
112300.0
116200.0
112900.0
115350.0
116900.0
114500.0
113300.0
115700.0
109200.0
114200.0
111100.0
117000.0
112300.0
115300.0
116900.0
115600.0
114500.0
116500.0
111800.0
115900.0
116800.0
114100.0
110500.0
116200.0
113700.0
109000.0
117000.0
113500.0
114500.0
115200.0
113700.0
113500.0
113100.0
117300.0
109800.0
114100.0
115800.0
113600.0
116400.0
114300.0
112900.0
113200.0
113400.0
115600.0
116700.0
116100.0
112600.0
116100.0
113600.0
113900.0
110600.0
115000.0
108850.0
114900.0
116500.0
115350.0
111200.0
113300.0
112900.0
114550.0
115500.0
114900.0
110000.0
117550.0
115000.0
115900.0
116000.0
116900.0
115800.0
117500.0
112600.0
116100.0
113000.0
110000.0
116600.0
111400.0
112900.0
114700.0
112800.0
114650.0
112700.0
114400.0
113100.0
111200.0
116300.0
117300.0
109200.0
115500.0
110050.0
113600.0
111800.0
108800.0
115000.0
108800.0
117700.0
115400.0
114000.0
112900.0
113000.0
117400.0
112700.0
115800.0
113700.0
110200.0
108200.0
109650.0
116200.0
112000.0
110000.0
111600.0
114350.0
114800.0
116500.0
133300.0
112000.0
117600.0
114500.0
112300.0
112400.0
114600.0
109200.0
115700.0
114800.0
112800.0
117100.0
117300.0
115500.0
115400.0
116900.0
117500.0
110200.0
113000.0
117100.0
117500.0
116750.0
116300.0
115500.0
113300.0
116450.0
114400.0
116500.0
116250.0
108200.0
113400.0
112300.0
117600.0
112300.0
116300.0
116000.0
116500.0
115100.0
115700.0
115700.0
111800.0
112000.0
116300.0
113300.0
117100.0
112200.0
113300.0
114800.0
113600.0
111200.0
114100.0
114500.0
116500.0
108200.0
113800.0
112050.0
113600.0
116200.0
117300.0
114600.0
113700.0
115200.0
115400.0
111600.0
115300.0
117200.0
112800.0
117400.0
115100.0
112700.0
112300.0
113400.0
115950.0
113100.0
108600.0
116500.0
114500.0
116750.0
114500.0
117300.0
112600.0
116300.0
112900.0
112000.0
109600.0
112700.0
113200.0
109700.0
108800.0
115300.0
114700.0
116000.0
108400.0
114400.0
112100.0
111200.0
113700.0
113700.0
114200.0
116900.0
117100.0
114500.0
114300.0
116100.0
115700.0
115400.0
113000.0
113100.0
115800.0
116900.0
111000.0
114300.0
115200.0
112800.0
108200.0
116500.0
113900.0
108600.0
117200.0
116200.0
108200.0
113500.0
113800.0
117900.0
112400.0
117300.0
117500.0
114500.0
109400.0
108600.0
112900.0
112600.0
114100.0
117200.0
116300.0
109900.0
116500.0
114500.0
113900.0
116100.0
112000.0
113600.0
113500.0
112900.0
114400.0
115900.0
113400.0
114300.0
116000.0
110000.0
114100.0
113600.0
111450.0
117800.0
115800.0
114600.0
116200.0
113500.0
112900.0
112300.0
115200.0
114400.0
116400.0
112600.0
117000.0
112200.0
113000.0
117600.0
108600.0
116000.0
114500.0
108600.0
112600.0
113600.0
114300.0
115400.0
116200.0
112500.0
112500.0
111000.0
117200.0
112100.0
113100.0
113000.0
116500.0
112300.0
112400.0
112700.0
112700.0
115000.0
110550.0
108650.0
110000.0
114900.0
108400.0
117700.0
116100.0
116300.0
116800.0
114500.0
114000.0
114800.0
115300.0
117300.0
114100.0
114350.0
108200.0
117000.0
117600.0
117300.0
117500.0
116100.0
113900.0
111200.0
116400.0
114400.0
115700.0
114900.0
111000.0
108800.0
117500.0
115150.0
113900.0
112700.0
109800.0
114600.0
114900.0
111000.0
114950.0
114700.0
117700.0
134500.0
112000.0
109000.0
113400.0
109400.0
116800.0
133600.0
112500.0
113300.0
113500.0
110400.0
111000.0
112900.0
116000.0
114700.0
110400.0
112500.0
114000.0
113400.0
114700.0
109400.0
111400.0
116400.0
115200.0
112400.0
109400.0
109400.0
112050.0
115400.0
108150.0
117200.0
117400.0
115100.0
115900.0
116300.0
114200.0
116750.0
115200.0
116400.0
114700.0
114300.0
117200.0
115500.0
114700.0
108200.0
117900.0
117600.0
109600.0
115200.0
114500.0
108600.0
116600.0
110600.0
111400.0
111200.0
117900.0
112800.0
117600.0
115400.0
115400.0
117100.0
115700.0
114700.0
112300.0
115000.0
117800.0
115800.0
111400.0
112900.0
117100.0
112300.0
109200.0
115250.0
113200.0
112000.0
117300.0
112600.0
115650.0
113700.0
117100.0
113600.0
115500.0
114900.0
113850.0
113500.0
109400.0
114900.0
112700.0
116300.0
108200.0
111400.0
115500.0
114900.0
110800.0
117900.0
114400.0
113500.0
110800.0
112500.0
114200.0
117800.0
108200.0
112700.0
115700.0
116000.0
116600.0
110200.0
110200.0
109200.0
112900.0
115200.0
117350.0
108200.0
134000.0
109600.0
112400.0
113800.0
115800.0
112400.0
113600.0
110800.0
115600.0
113500.0
116500.0
114700.0
110900.0
113900.0
114900.0
110000.0
108600.0
113300.0
109800.0
115700.0
116200.0
108800.0
108200.0
108600.0
113200.0
111800.0
108800.0
114400.0
115700.0
113400.0
114200.0
110400.0
115200.0
116600.0
116700.0
115700.0
112500.0
112600.0
112500.0
116700.0
117500.0
113900.0
114700.0
114450.0
109600.0
113450.0
116300.0
110600.0
115300.0
112400.0
117150.0
114500.0
114000.0
113850.0
114400.0
117000.0
115200.0
112050.0
112300.0
112800.0
112200.0
115550.0
117500.0
114100.0
110400.0
117900.0
115800.0
112400.0
113000.0
109000.0
113700.0
116900.0
116800.0
113500.0
111600.0
113300.0
111000.0
114000.0
111200.0
112100.0
116300.0
117400.0
114400.0
115600.0
115900.0
113500.0
110850.0
109850.0
114100.0
110200.0
115600.0
113300.0
117150.0
111400.0
116100.0
115200.0
115600.0
115000.0
116400.0
110400.0
115000.0
116900.0
117300.0
109600.0
113500.0
112400.0
114100.0
110800.0
113300.0
115800.0
112100.0
112200.0
115700.0
117800.0
113300.0
108400.0
117300.0
114400.0
113700.0
111400.0
115400.0
115800.0
112300.0
109000.0
115600.0
114800.0
116700.0
112800.0
114500.0
113400.0
117400.0
108800.0
115700.0
117100.0
116700.0
115900.0
116900.0
113600.0
109800.0
111000.0
116600.0
113600.0
113700.0
114800.0
114600.0
113300.0
115600.0
113100.0
108250.0
115700.0
113400.0
117300.0
110600.0
112900.0
110800.0
108200.0
109000.0
115500.0
113900.0
115100.0
112800.0
117300.0
115800.0
113650.0
114300.0
110200.0
114400.0
112250.0
115700.0
116000.0
115000.0
112300.0
117600.0
113600.0
117800.0
117600.0
112500.0
113900.0
114900.0
110900.0
111600.0
114800.0
114900.0
116900.0
115400.0
117800.0
117300.0
114100.0
108100.0
117700.0
111400.0
117700.0
115600.0
115100.0
110200.0
114200.0
112000.0
109200.0
108200.0
112300.0
114700.0
115400.0
113900.0
116100.0
112900.0
110300.0
114700.0
117100.0
108800.0
110600.0
116200.0
115600.0
115300.0
112700.0
113100.0
114100.0
116500.0
110850.0
115550.0
115250.0
115400.0
109000.0
111400.0
113000.0
115800.0
117500.0
117300.0
115500.0
115500.0
111800.0
112000.0
111800.0
113400.0
115950.0
113600.0
109100.0
114600.0
112300.0
114700.0
116200.0
114200.0
114500.0
116500.0
113700.0
116200.0
115700.0
115500.0
114800.0
115100.0
114500.0
114800.0
114200.0
113500.0
111250.0
113200.0
116500.0
115100.0
109400.0
108450.0
114100.0
115900.0
115750.0
115600.0
113800.0
114300.0
112800.0
114750.0
115900.0
114400.0
110600.0
116500.0
114100.0
115100.0
115900.0
113350.0
110200.0
115700.0
116400.0
115400.0
110400.0
112300.0
113950.0
114700.0
113300.0
115200.0
113100.0
117900.0
113800.0
112500.0
111800.0
112700.0
116900.0
111800.0
113200.0
114900.0
108300.0
116650.0
117600.0
116100.0
108800.0
113700.0
117700.0
114200.0
115000.0
109400.0
115550.0
116750.0
112700.0
115050.0
114200.0
110000.0
114900.0
116700.0
113100.0
116500.0
117900.0
113000.0
112100.0
115800.0
110200.0
112300.0
112700.0
113300.0
114700.0
113700.0
110800.0
117600.0
111200.0
113200.0
114700.0
113500.0
117500.0
113300.0
117300.0
114000.0
115700.0
110700.0
113700.0
115100.0
108800.0
116700.0
114900.0
112200.0
112400.0
113300.0
117700.0
108600.0
114100.0
114200.0
117300.0
114400.0
114700.0
112200.0
112400.0
115100.0
112400.0
115650.0
114500.0
112800.0
112600.0
114600.0
112600.0
114000.0
109200.0
116950.0
116800.0
114800.0
115900.0
115300.0
115500.0
111000.0
113200.0
110700.0
113000.0
114600.0
117600.0
113650.0
110800.0
110000.0
117250.0
115200.0
112800.0
112000.0
117700.0
113200.0
112500.0
117700.0
109200.0
115400.0
112500.0
109800.0
110800.0
114100.0
116600.0
113450.0
114400.0
108800.0
117400.0
112300.0
108200.0
116300.0
114000.0
111600.0
113100.0
113600.0
134100.0
115700.0
115300.0
117100.0
115800.0
113000.0
117550.0
116100.0
111000.0
116100.0
115000.0
113600.0
113300.0
116800.0
111600.0
113200.0
112000.0
115900.0
109800.0
117400.0
111800.0
108600.0
112300.0
114900.0
109000.0
116200.0
112600.0
114200.0
113400.0
110400.0
114100.0
110700.0
116500.0
111000.0
116600.0
112100.0
117800.0
112000.0
109100.0
109100.0
114700.0
113800.0
108900.0
113850.0
111300.0
110200.0
110300.0
109900.0
114700.0
117100.0
116200.0
111400.0
108800.0
117600.0
112300.0
114100.0
109300.0
108200.0
109700.0
109700.0
109100.0
116700.0
108700.0
115900.0
115900.0
108600.0
114800.0
109100.0
109800.0
108600.0
114300.0
113200.0
111600.0
111100.0
112300.0
114400.0
114800.0
116300.0
114400.0
113700.0
117000.0
112600.0
113800.0
115600.0
115050.0
111100.0
112900.0
113700.0
111200.0
116400.0
108200.0
113300.0
112400.0
112100.0
111000.0
134000.0
109200.0
109300.0
112600.0
110500.0
110100.0
112200.0
116300.0
111350.0
115100.0
116200.0
109500.0
117100.0
113600.0
115900.0
109700.0
117500.0
110300.0
113300.0
116500.0
109500.0
108800.0
111900.0
113300.0
110300.0
114600.0
112300.0
113900.0
114100.0
111700.0
116300.0
113200.0
109600.0
110400.0
117000.0
112500.0
110900.0
109950.0
110700.0
111800.0
116900.0
110950.0
115700.0
110150.0
109300.0
109900.0
116000.0
114200.0
109500.0
113300.0
114300.0
108800.0
114800.0
110300.0
109500.0
117700.0
110100.0
111500.0
109500.0
113500.0
112200.0
116200.0
111950.0
116400.0
112200.0
115400.0
115800.0
116800.0
112600.0
110800.0
113800.0
108200.0
112200.0
112900.0
108600.0
114050.0
116000.0
117900.0
112150.0
114900.0
116700.0
115600.0
115000.0
115900.0
115200.0
112500.0
112100.0
114700.0
112700.0
113700.0
117900.0
113600.0
112300.0
112900.0
115400.0
113300.0
114500.0
109400.0
114000.0
117500.0
115000.0
114500.0
113500.0
112400.0
115700.0
115100.0
117700.0
112800.0
116700.0
116700.0
115800.0
113100.0
112300.0
116200.0
108600.0
113000.0
116300.0
113000.0
115200.0
112200.0
114900.0
115400.0
109600.0
113100.0
113300.0
112900.0
115550.0
114300.0
109400.0
111300.0
109600.0
113600.0
117300.0
112000.0
112600.0
117500.0
115600.0
112800.0
114500.0
111600.0
115900.0
112600.0
111900.0
112500.0
110000.0
113800.0
112500.0
114500.0
112700.0
112400.0
116400.0
116700.0
115800.0
117300.0
111000.0
112000.0
112150.0
115900.0
112100.0
114500.0
114200.0
111250.0
115000.0
115000.0
116700.0
112900.0
112000.0
115000.0
114200.0
116300.0
115200.0
112200.0
115500.0
112000.0
113200.0
113100.0
114100.0
115700.0
114500.0
113600.0
109500.0
117000.0
115700.0
113800.0
113400.0
113900.0
117100.0
112700.0
116500.0
113300.0
133800.0
116500.0
112000.0
113600.0
117500.0
117400.0
113800.0
114100.0
113550.0
116100.0
113600.0
116400.0
114900.0
115400.0
115700.0
114400.0
113900.0
116800.0
113700.0
115150.0
111900.0
115200.0
113000.0
114850.0
112000.0
115900.0
112900.0
113800.0
115100.0
114600.0
114400.0
115400.0
111800.0
115500.0
114900.0
114900.0
109600.0
115800.0
111200.0
113500.0
114500.0
114100.0
112800.0
109000.0
112100.0
109600.0
109850.0
112200.0
108800.0
112500.0
115100.0
114500.0
109600.0
115200.0
112500.0
116400.0
113700.0
113400.0
115950.0
113900.0
114700.0
115150.0
116900.0
115400.0
117800.0
112200.0
114300.0
112400.0
113200.0
112300.0
117800.0
113200.0
113700.0
115000.0
108200.0
117800.0
112500.0
115500.0
113900.0
113000.0
116900.0
116300.0
109800.0
113300.0
112000.0
115800.0
108400.0
112700.0
113800.0
117800.0
112300.0
112100.0
117700.0
116800.0
109400.0
113600.0
112900.0
116500.0
114700.0
115500.0
112800.0
110900.0
112800.0
115300.0
113800.0
116000.0
111550.0
114400.0
114300.0
115000.0
114100.0
114900.0
108600.0
116700.0
115400.0
114900.0
113200.0
114500.0
112300.0
112700.0
112700.0
112700.0
116900.0
112150.0
108250.0
113700.0
110800.0
115900.0
116000.0
117000.0
115600.0
110800.0
112900.0
113700.0
112300.0
110650.0
117600.0
109000.0
117900.0
116900.0
111200.0
112300.0
114600.0
115800.0
109400.0
113600.0
112100.0
115100.0
109200.0
109200.0
115100.0
117400.0
117500.0
112300.0
113700.0
112900.0
113300.0
116500.0
109200.0
110400.0
110600.0
112800.0
112800.0
112600.0
111700.0
113400.0
108800.0
117600.0
134200.0
113600.0
117800.0
114300.0
117700.0
117600.0
115150.0
108150.0
112400.0
113700.0
112150.0
112600.0
115850.0
115700.0
114800.0
109000.0
117500.0
113500.0
113000.0
111200.0
112300.0
112100.0
109800.0
113300.0
114700.0
113100.0
115600.0
115450.0
115500.0
116000.0
109800.0
110000.0
114300.0
112900.0
108400.0
114700.0
110800.0
113000.0
112800.0
112300.0
112400.0
113500.0
113800.0
114800.0
116000.0
113100.0
116300.0
114800.0
113900.0
117400.0
115500.0
115900.0
117600.0
112500.0
113400.0
114000.0
113200.0
110200.0
135400.0
115800.0
113500.0
114500.0
112000.0
110400.0
116500.0
116200.0
113100.0
108200.0
114200.0
112400.0
115300.0
110500.0
114500.0
115500.0
116700.0
114800.0
116300.0
109200.0
113100.0
115900.0
112500.0
114200.0
113500.0
112300.0
116100.0
110200.0
112800.0
112800.0
117700.0
116600.0
110800.0
116300.0
116800.0
112400.0
113600.0
109000.0
115800.0
112900.0
112000.0
114500.0
115900.0
116100.0
112200.0
115450.0
116600.0
115000.0
108600.0
114700.0
109700.0
115100.0
117400.0
108050.0
109200.0
116200.0
117300.0
113100.0
114750.0
108400.0
111400.0
115950.0
116800.0
109300.0
135500.0
114200.0
112600.0
113700.0
112300.0
114800.0
113200.0
112900.0
115550.0
109800.0
115000.0
117100.0
116700.0
113000.0
115650.0
113000.0
110500.0
117600.0
108350.0
117100.0
112250.0
113100.0
112100.0
116850.0
116500.0
112900.0
116100.0
108400.0
111600.0
114550.0
116050.0
114700.0
112500.0
112000.0
117000.0
108800.0
117100.0
113100.0
108200.0
112300.0
114400.0
114050.0
109800.0
109200.0
115200.0
112500.0
111200.0
114900.0
117500.0
112000.0
112700.0
116000.0
110400.0
114800.0
110450.0
108400.0
115800.0
114000.0
116700.0
115500.0
113300.0
112100.0
111200.0
108700.0
114300.0
113400.0
115700.0
114700.0
112600.0
108600.0
112300.0
117900.0
111200.0
117900.0
110600.0
115700.0
117700.0
117600.0
117150.0
117000.0
111400.0
114500.0
112900.0
115700.0
111600.0
112900.0
114200.0
116700.0
109200.0
115100.0
111000.0
115500.0
113250.0
115300.0
112900.0
114200.0
117500.0
112000.0
113900.0
114500.0
114300.0
113550.0
116400.0
114900.0
116300.0
117800.0
117000.0
116100.0
108700.0
113000.0
115300.0
116200.0
112800.0
117000.0
112900.0
114250.0
117500.0
115100.0
115300.0
117900.0
116300.0
117700.0
117600.0
114400.0
108000.0
114300.0
115600.0
108800.0
117200.0
112100.0
113000.0
112100.0
116300.0
112000.0
115450.0
112100.0
114100.0
114100.0
108800.0
111600.0
115000.0
112500.0
109200.0
113600.0
110200.0
112600.0
115500.0
114400.0
112100.0
113700.0
116300.0
113800.0
114900.0
117700.0
114000.0
114400.0
113200.0
117400.0
113500.0
109200.0
114800.0
115400.0
117100.0
110600.0
113700.0
109000.0
109600.0
113300.0
112700.0
115300.0
114700.0
115800.0
116400.0
115200.0
114700.0
115200.0
116100.0
112000.0
110000.0
111200.0
110800.0
114700.0
110800.0
114100.0
110300.0
112100.0
110000.0
112000.0
115900.0
113300.0
117400.0
114700.0
112100.0
117200.0
113550.0
112700.0
117400.0
114600.0
113600.0
109600.0
117800.0
112100.0
117800.0
108600.0
112700.0
117900.0
117200.0
115500.0
112000.0
114200.0
111000.0
114300.0
113200.0
112500.0
112900.0
112100.0
115100.0
113550.0
109300.0
115250.0
109600.0
114200.0
112500.0
113600.0
113400.0
112700.0
113900.0
117800.0
114200.0
114600.0
114050.0
108650.0
113500.0
114500.0
110000.0
115300.0
115700.0
113100.0
111600.0
110600.0
114600.0
113900.0
112200.0
116300.0
117100.0
115850.0
116700.0
112300.0
117900.0
109600.0
116300.0
117300.0
110800.0
116600.0
108200.0
112400.0
117700.0
116100.0
114600.0
117300.0
112100.0
113700.0
114000.0
116900.0
114100.0
115900.0
113800.0
114300.0
108800.0
115300.0
113000.0
115500.0
116200.0
116000.0
110550.0
111900.0
114000.0
116500.0
108600.0
111700.0
112800.0
115300.0
116900.0
114100.0
112400.0
116700.0
112500.0
114100.0
133700.0
117300.0
117100.0
113650.0
114500.0
134100.0
109400.0
111900.0
117900.0
109600.0
114400.0
116400.0
112700.0
112200.0
111000.0
114700.0
113300.0
112300.0
115300.0
114000.0
111200.0
112300.0
115100.0
116800.0
112900.0
111600.0
114500.0
110400.0
114800.0
114900.0
115000.0
113200.0
115000.0
115000.0
112900.0
116300.0
114300.0
110000.0
117500.0
110800.0
117800.0
115000.0
112400.0
109650.0
114900.0
114400.0
117200.0
108600.0
112200.0
115500.0
115100.0
115700.0
116300.0
114100.0
112400.0
113000.0
112300.0
116800.0
110500.0
117300.0
112600.0
114600.0
115400.0
115100.0
113800.0
112750.0
112900.0
114300.0
117100.0
115100.0
116750.0
108050.0
116700.0
111800.0
108600.0
108900.0
109800.0
116700.0
114250.0
112400.0
111800.0
113500.0
110500.0
108700.0
114700.0
116300.0
113100.0
114600.0
115100.0
114000.0
133600.0
111100.0
112900.0
116500.0
115000.0
114600.0
115200.0
113000.0
111600.0
115500.0
117400.0
111600.0
108200.0
117100.0
113900.0
116500.0
112400.0
115100.0
116500.0
112300.0
111000.0
134000.0
133450.0
109050.0
110100.0
111600.0
110200.0
117400.0
112800.0
112000.0
109600.0
113600.0
113300.0
112600.0
117700.0
115700.0
115100.0
111900.0
112500.0
117500.0
114500.0
112700.0
115600.0
116100.0
133600.0
116100.0
115900.0
114400.0
117200.0
110150.0
109600.0
111850.0
117800.0
113100.0
113800.0
111400.0
117900.0
113800.0
113800.0
109200.0
116400.0
115500.0
117500.0
113900.0
112300.0
112000.0
111450.0
116300.0
110200.0
113300.0
113100.0
117500.0
113900.0
116200.0
111200.0
113200.0
110600.0
111450.0
115600.0
114300.0
116300.0
115300.0
115500.0
116600.0
116300.0
112700.0
117600.0
113000.0
135500.0
117600.0
113800.0
113100.0
116800.0
115800.0
114950.0
116400.0
117200.0
133600.0
133400.0
114100.0
113300.0
113700.0
116300.0
113900.0
114800.0
117000.0
109800.0
116800.0
117700.0
116400.0
112000.0
115800.0
109650.0
114800.0
110500.0
113000.0
113200.0
115400.0
113700.0
115300.0
115300.0
116000.0
112150.0
114750.0
113400.0
109000.0
109600.0
117900.0
117100.0
115500.0
117200.0
113950.0
113000.0
113600.0
113400.0
111700.0
109600.0
112900.0
115700.0
115100.0
109000.0
112500.0
109250.0
115700.0
113000.0
117500.0
112900.0
133800.0
115900.0
113400.0
113150.0
115700.0
113500.0
112600.0
114900.0
108300.0
114800.0
111000.0
114850.0
111200.0
116600.0
113400.0
108200.0
115900.0
111800.0
117900.0
113600.0
115000.0
112600.0
114850.0
111400.0
113100.0
113900.0
116800.0
117100.0
112800.0
110200.0
112000.0
117100.0
110200.0
113000.0
114000.0
109850.0
116900.0
109400.0
112200.0
111400.0
117300.0
116300.0
114300.0
110000.0
112500.0
108350.0
109850.0
111800.0
113900.0
115000.0
114700.0
116500.0
114650.0
114900.0
117600.0
117450.0
109800.0
110600.0
112100.0
114900.0
114800.0
111600.0
113900.0
113700.0
115400.0
115000.0
115700.0
113300.0
114100.0
116300.0
110600.0
108600.0
113900.0
117700.0
115600.0
109100.0
111000.0
113800.0
117050.0
109800.0
111200.0
116700.0
112700.0
108500.0
111800.0
110600.0
115000.0
115000.0
115200.0
116200.0
112300.0
117700.0
115900.0
117800.0
116100.0
115300.0
113550.0
116800.0
114900.0
108600.0
116600.0
113100.0
115700.0
115500.0
115200.0
116000.0
115700.0
117700.0
116900.0
112700.0
116300.0
115400.0
113700.0
112200.0
114600.0
114100.0
114900.0
116400.0
117200.0
114100.0
116600.0
109400.0
109500.0
116100.0
114700.0
116950.0
114900.0
111800.0
112200.0
113500.0
112800.0
111900.0
109000.0
116900.0
114700.0
113750.0
111800.0
113200.0
115900.0
112900.0
114300.0
114300.0
117600.0
113500.0
112000.0
117050.0
109800.0
113700.0
113200.0
117900.0
115400.0
108400.0
112800.0
114100.0
115200.0
117400.0
116400.0
112600.0
117500.0
108300.0
110400.0
112500.0
116200.0
112100.0
109600.0
117800.0
116700.0
113000.0
110600.0
117900.0
117400.0
109700.0
114200.0
112000.0
112100.0
114300.0
113700.0
116300.0
116900.0
115500.0
112800.0
114600.0
111200.0
111800.0
113700.0
113400.0
113600.0
114100.0
114500.0
117500.0
112100.0
112200.0
117900.0
113700.0
112700.0
113000.0
113600.0
116600.0
114300.0
111000.0
113400.0
113200.0
114300.0
115900.0
109600.0
112600.0
114600.0
112100.0
113800.0
113000.0
112100.0
110400.0
117850.0
114000.0
114900.0
116400.0
116900.0
113500.0
114100.0
115100.0
117300.0
115700.0
112100.0
112100.0
116250.0
108400.0
112300.0
112900.0
112100.0
114500.0
112500.0
116400.0
109100.0
115900.0
114900.0
115700.0
114300.0
114300.0
115900.0
113600.0
114100.0
113200.0
115900.0
113500.0
113000.0
112500.0
114100.0
113300.0
109400.0
113600.0
114300.0
115400.0
115500.0
108400.0
112700.0
113100.0
109000.0
111000.0
116800.0
117600.0
115200.0
114100.0
116500.0
114000.0
113300.0
113400.0
115500.0
115800.0
117300.0
115100.0
117100.0
112900.0
113400.0
114500.0
108200.0
112100.0
115600.0
116500.0
115100.0
116700.0
115500.0
116900.0
111250.0
116700.0
113900.0
116900.0
117400.0
109000.0
115600.0
112700.0
115600.0
112800.0
116600.0
108400.0
112900.0
113400.0
112400.0
114900.0
114300.0
112500.0
112600.0
115600.0
117600.0
113300.0
117000.0
113700.0
112900.0
116100.0
110800.0
110150.0
115200.0
113000.0
116600.0
115300.0
112700.0
114800.0
108350.0
113100.0
117800.0
117300.0
114700.0
112900.0
113300.0
112500.0
116100.0
116800.0
112300.0
111850.0
112300.0
113400.0
112300.0
116400.0
114600.0
113600.0
117700.0
108200.0
114200.0
116200.0
116800.0
108200.0
115700.0
113950.0
116800.0
114700.0
116500.0
113800.0
113000.0
111600.0
108800.0
111000.0
114200.0
115300.0
108400.0
116700.0
114700.0
116400.0
115800.0
117200.0
114300.0
116900.0
110600.0
112300.0
109250.0
112500.0
114200.0
112400.0
110800.0
113500.0
112300.0
115500.0
117100.0
109200.0
112050.0
114100.0
110700.0
110600.0
112200.0
110600.0
116200.0
116000.0
111400.0
110000.0
113000.0
117600.0
108800.0
113700.0
114500.0
117800.0
116900.0
113700.0
112600.0
108300.0
116800.0
115400.0
113800.0
117300.0
114800.0
110650.0
115400.0
113400.0
112100.0
112300.0
115100.0
112100.0
109400.0
113800.0
113800.0
110000.0
117500.0
117400.0
112000.0
112000.0
111400.0
117700.0
110800.0
115300.0
115700.0
117300.0
111200.0
112900.0
108800.0
109600.0
110000.0
110800.0
112200.0
116900.0
116100.0
111600.0
113500.0
114600.0
111200.0
115300.0
115500.0
112600.0
112000.0
108400.0
111800.0
117100.0
110400.0
115100.0
115500.0
111000.0
112700.0
113300.0
109400.0
112500.0
115700.0
113500.0
111100.0
112500.0
116400.0
116200.0
109400.0
114900.0
116100.0
112500.0
115200.0
115100.0
116750.0
110200.0
110600.0
114400.0
117100.0
115150.0
116700.0
111600.0
117000.0
113350.0
116600.0
116400.0
111500.0
108850.0
116800.0
114800.0
109600.0
108400.0
116200.0
115200.0
115950.0
114100.0
110450.0
113500.0
115200.0
117100.0
115700.0
110900.0
111100.0
113500.0
113800.0
108800.0
115400.0
112900.0
113400.0
110400.0
111200.0
117000.0
115200.0
111000.0
113900.0
113300.0
111000.0
110000.0
114100.0
112800.0
113600.0
113100.0
112300.0
113600.0
114400.0
116300.0
112900.0
114000.0
114300.0
111800.0
116800.0
114700.0
110400.0
115500.0
116500.0
108600.0
114100.0
113100.0
117800.0
117000.0
112100.0
111350.0
108600.0
113000.0
115800.0
115400.0
112100.0
115700.0
115450.0
114750.0
116900.0
113200.0
109400.0
114900.0
113900.0
113600.0
113300.0
114300.0
117200.0
113300.0
112000.0
116000.0
108050.0
112300.0
115900.0
115700.0
114200.0
110800.0
115300.0
114000.0
108200.0
112900.0
113600.0
108400.0
113400.0
117600.0
115300.0
115700.0
114800.0
110200.0
111600.0
114700.0
115400.0
111600.0
117700.0
111450.0
114000.0
112150.0
113750.0
115100.0
113300.0
114200.0
114300.0
113500.0
114100.0
114000.0
113300.0
117100.0
115300.0
112300.0
114100.0
115100.0
114000.0
117700.0
117700.0
111400.0
117200.0
113400.0
112000.0
117300.0
112200.0
112300.0
112800.0
113600.0
112800.0
108700.0
113500.0
114200.0
116500.0
113400.0
110400.0
116600.0
116100.0
109200.0
114000.0
108050.0
109000.0
115700.0
113500.0
109200.0
112300.0
112000.0
116600.0
117100.0
116300.0
117200.0
109000.0
114700.0
113900.0
115100.0
116100.0
112000.0
113900.0
116600.0
112600.0
117000.0
115600.0
113500.0
115500.0
112100.0
110800.0
112900.0
114800.0
117600.0
114000.0
115900.0
110400.0
116500.0
113700.0
115300.0
117300.0
117700.0
116600.0
114900.0
115500.0
115900.0
108600.0
112250.0
114550.0
112600.0
114400.0
114200.0
115400.0
113900.0
110900.0
116500.0
114500.0
112200.0
108800.0
108900.0
115700.0
109500.0
117500.0
115500.0
113400.0
113900.0
112700.0
113100.0
115700.0
108400.0
114900.0
113300.0
113900.0
112700.0
110000.0
113300.0
109900.0
117200.0
113300.0
116300.0
114700.0
112100.0
117500.0
113800.0
114900.0
114600.0
112600.0
113700.0
115200.0
113200.0
117000.0
114300.0
108150.0
115800.0
112400.0
110100.0
109800.0
108400.0
112200.0
117900.0
115400.0
114000.0
117850.0
116600.0
114900.0
112100.0
115300.0
113400.0
110600.0
114400.0
114500.0
116400.0
112300.0
115500.0
113200.0
117400.0
112300.0
117300.0
134100.0
114300.0
110600.0
115100.0
116300.0
113000.0
112000.0
116500.0
115600.0
113000.0
108600.0
113100.0
113800.0
109600.0
115200.0
111200.0
108600.0
112200.0
116700.0
116300.0
117350.0
113100.0
113000.0
116500.0
117500.0
116600.0
117700.0
116500.0
108400.0
112500.0
112100.0
111400.0
110800.0
116500.0
116500.0
116200.0
117900.0
113700.0
114300.0
111600.0
117700.0
112700.0
112600.0
116800.0
113750.0
113850.0
111800.0
112400.0
108500.0
108400.0
113200.0
109200.0
111400.0
109200.0
112100.0
109000.0
117000.0
109000.0
115200.0
117000.0
109200.0
112500.0
114700.0
117800.0
114000.0
109800.0
116000.0
117500.0
115300.0
117200.0
108000.0
115500.0
112100.0
112900.0
117800.0
112100.0
113700.0
116600.0
117050.0
117500.0
108600.0
114000.0
117500.0
115300.0
115500.0
111800.0
117000.0
117600.0
116700.0
112900.0
113600.0
114500.0
113500.0
108800.0
112000.0
111200.0
110850.0
110000.0
115700.0
113300.0
113900.0
114900.0
114500.0
113700.0
112400.0
117300.0
114500.0
112000.0
116800.0
113600.0
116800.0
108400.0
109600.0
114100.0
114000.0
112700.0
108600.0
114200.0
108800.0
112300.0
117600.0
112900.0
117100.0
108400.0
113100.0
115300.0
108800.0
117900.0
114800.0
112900.0
117700.0
117700.0
116400.0
113200.0
117400.0
115400.0
117300.0
111800.0
115300.0
112300.0
117300.0
115600.0
112500.0
115100.0
116300.0
108400.0
113100.0
112200.0
113200.0
113900.0
115500.0
110450.0
113700.0
113300.0
115000.0
110300.0
111000.0
111400.0
114000.0
114300.0
114200.0
112700.0
116500.0
115800.0
113300.0
109800.0
113500.0
112800.0
115700.0
117700.0
117500.0
112300.0
112500.0
116200.0
110450.0
115000.0
116400.0
114800.0
109800.0
113200.0
115000.0
114100.0
114800.0
113800.0
114300.0
113200.0
116900.0
116000.0
112200.0
116500.0
116000.0
114700.0
114000.0
116400.0
112700.0
113300.0
114400.0
115300.0
113300.0
112500.0
117250.0
113900.0
115900.0
113800.0
112900.0
113300.0
117400.0
114200.0
112300.0
115700.0
112500.0
115900.0
114500.0
113900.0
110850.0
114100.0
116700.0
113600.0
112500.0
115900.0
114900.0
117000.0
117800.0
114500.0
113850.0
112200.0
117700.0
116000.0
115500.0
114800.0
117200.0
114500.0
110400.0
116800.0
116700.0
109800.0
108700.0
115900.0
111600.0
114200.0
110400.0
114600.0
117700.0
114300.0
116300.0
116400.0
115100.0
110200.0
116100.0
115900.0
116600.0
116600.0
116200.0
116100.0
116200.0
116200.0
114700.0
112500.0
117700.0
115300.0
116600.0
117500.0
113800.0
108800.0
114300.0
108450.0
109900.0
116300.0
113600.0
113400.0
114900.0
113300.0
112100.0
116700.0
117200.0
109200.0
115300.0
114400.0
117300.0
115700.0
113100.0
112250.0
113100.0
115900.0
114100.0
116500.0
112100.0
112900.0
114400.0
117100.0
111400.0
113800.0
116000.0
112500.0
115200.0
109700.0
114600.0
108200.0
108400.0
113500.0
115100.0
116500.0
116000.0
114300.0
115800.0
110700.0
115400.0
112900.0
116300.0
112200.0
113300.0
112700.0
117800.0
115800.0
113100.0
114200.0
117500.0
115600.0
115300.0
117250.0
111700.0
112500.0
110100.0
110800.0
117400.0
114600.0
112700.0
111200.0
117400.0
112300.0
117800.0
112100.0
114100.0
113300.0
116000.0
113900.0
114300.0
116100.0
116800.0
113800.0
113200.0
114000.0
113600.0
109600.0
116600.0
115300.0
112400.0
115400.0
116100.0
117300.0
111300.0
117700.0
110700.0
109650.0
114100.0
113500.0
116000.0
116900.0
115300.0
113500.0
114200.0
112300.0
116500.0
110400.0
117700.0
115700.0
115600.0
117700.0
114200.0
114300.0
114200.0
114200.0
108000.0
111400.0
109700.0
114600.0
114400.0
115900.0
114800.0
110650.0
113700.0
110300.0
108600.0
114500.0
117600.0
109000.0
115800.0
113300.0
114000.0
109600.0
117400.0
116600.0
110400.0
115200.0
114500.0
113600.0
115900.0
117400.0
114700.0
111200.0
112250.0
115200.0
113700.0
114200.0
113300.0
112600.0
115700.0
116800.0
114300.0
111450.0
113300.0
115200.0
113600.0
109000.0
109400.0
117500.0
113000.0
108200.0
114000.0
116600.0
116300.0
112400.0
112800.0
112900.0
112700.0
112250.0
112050.0
116600.0
113600.0
113700.0
116300.0
113300.0
114900.0
112400.0
111400.0
113400.0
115100.0
112600.0
115800.0
117300.0
117700.0
115800.0
112500.0
113100.0
114800.0
115950.0
113800.0
113100.0
109400.0
112900.0
117800.0
113100.0
112700.0
115100.0
115300.0
112300.0
117100.0
114500.0
108300.0
116100.0
113700.0
115400.0
117100.0
114300.0
113150.0
116300.0
117100.0
116100.0
114500.0
113400.0
112100.0
114300.0
114300.0
114200.0
111000.0
112200.0
113500.0
117200.0
112700.0
113900.0
112900.0
114500.0
112400.0
117400.0
114100.0
117200.0
116800.0
112300.0
115100.0
116100.0
116500.0
112700.0
112100.0
113800.0
113800.0
115600.0
113900.0
113600.0
113100.0
115500.0
110400.0
114850.0
116300.0
117800.0
116200.0
114100.0
114000.0
112300.0
116600.0
114400.0
117300.0
114100.0
116700.0
115100.0
113100.0
112200.0
113000.0
113000.0
112900.0
113700.0
114000.0
115250.0
112700.0
112700.0
117000.0
116500.0
114300.0
113300.0
117500.0
115500.0
108200.0
115600.0
112300.0
113000.0
114400.0
116700.0
114600.0
114000.0
114500.0
113100.0
116400.0
112700.0
108400.0
112800.0
117100.0
114100.0
114900.0
112500.0
115600.0
113600.0
115200.0
115000.0
115800.0
113900.0
111500.0
117100.0
115000.0
112200.0
112200.0
114500.0
114100.0
113600.0
116900.0
117600.0
116600.0
117700.0
115300.0
116900.0
109400.0
112800.0
115900.0
114200.0
113300.0
112100.0
116400.0
112300.0
111600.0
108600.0
108800.0
112800.0
115950.0
112100.0
117300.0
113700.0
112400.0
116900.0
114700.0
113500.0
113200.0
109300.0
116000.0
114850.0
115700.0
113900.0
108600.0
114500.0
113100.0
111800.0
110100.0
114200.0
117000.0
113100.0
113500.0
114500.0
112400.0
116100.0
109900.0
109800.0
117800.0
133800.0
115400.0
110300.0
116700.0
113400.0
109800.0
111000.0
117700.0
110600.0
113300.0
115800.0
112400.0
113700.0
117700.0
114500.0
115700.0
116500.0
113800.0
112700.0
113500.0
108900.0
113900.0
113300.0
109000.0
116100.0
117500.0
115900.0
112800.0
117600.0
113200.0
115200.0
112500.0
113100.0
113000.0
117900.0
112300.0
112200.0
115400.0
114200.0
112000.0
113900.0
115100.0
116900.0
113000.0
113500.0
115800.0
113100.0
114900.0
117000.0
112700.0
116000.0
111400.0
110600.0
112600.0
113400.0
112000.0
112900.0
114500.0
112100.0
116700.0
113600.0
112900.0
115050.0
109000.0
113100.0
108600.0
112500.0
115200.0
114600.0
113300.0
113800.0
115500.0
114600.0
117500.0
113000.0
117200.0
114600.0
113500.0
112800.0
113600.0
113800.0
113700.0
114900.0
113300.0
115700.0
117300.0
114100.0
113100.0
115800.0
112700.0
114900.0
112100.0
112250.0
112800.0
114000.0
114300.0
112400.0
112300.0
109600.0
113500.0
116550.0
112400.0
117350.0
115900.0
115700.0
116500.0
113000.0
112900.0
116550.0
113000.0
112700.0
109300.0
116300.0
117300.0
112300.0
114100.0
113700.0
112500.0
112700.0
115900.0
117700.0
116600.0
115500.0
112300.0
113600.0
115000.0
112100.0
116200.0
115600.0
114200.0
112300.0
117200.0
116600.0
112700.0
115400.0
116700.0
114700.0
112900.0
113800.0
113700.0
112600.0
117400.0
114100.0
117300.0
113500.0
115900.0
112150.0
112800.0
117700.0
115500.0
114100.0
112000.0
109200.0
112500.0
111700.0
108800.0
113700.0
112900.0
114100.0
110800.0
113900.0
113400.0
113000.0
117700.0
115700.0
116700.0
117600.0
114900.0
108600.0
116000.0
116600.0
113200.0
115600.0
115500.0
113800.0
114700.0
112800.0
114500.0
113800.0
116800.0
117100.0
109100.0
116850.0
113300.0
112700.0
109700.0
115300.0
112900.0
110050.0
116700.0
113400.0
112300.0
114300.0
114800.0
114300.0
112100.0
109200.0
133700.0
111400.0
