-23.072
-19.1
18.282
-23.163
-23.398
-19.367
21.275
9.589
14.486
21.073
8.555
5.097
-21.312
-19.367
-14.363
17.114
16.163
16.163
-3.318
-14.31
18.511
-19.527
20.519
18.473
18.471
8.534
13.529
14.515
22.088
17.225
9.496
23.014
-24.449
15.534
19.141
7.542
15.013
19.093
2.118
22.188
4.14
10.553
0.468
1.074
-7.553
-0.269
1.201
18.062
8.181
-2.53
7.594
2.303
3.03
12.181
-19.313
18.332
15.158
-27.485
16.131
-0.043
-21.458
19.554
15.463
6.283
-19.265
-18.017
-23.08
16.313
17.537
-12.149
11.223
1.594
15.139
-8.511
-21.274
8.448
10.302
-20.262
15.451
-12.521
-11.281
18.307
8.406
19.542
-19.124
16.01
15.474
14.4
14.401
19.016
15.234
18.074
15.227
16.449
-17.585
-13.262
18.516
15.068
15.458
17.069
5.26
-6.499
-8.35
-7.328
-3.315
3.203
3.234
3.342
4.452
4.204
9.43
7.162
6.296
19.032
20.491
-18.25
19.282
12.445
-4.416
-36.533
2.218
4.015
9.26
-5.157
-2.13
4.089
-5.217
-1.206
-0.099
-2.557
0.598
0.589
-19.255
3.355
1.28
-0.302
-0.464
-7.232
1.393
-7.299
10.155
9.088
4.193
2.157
-19.212
-3.456
6.183
5.298
-12.112
-9.37
-2.034
-4.045
-1.232
-2.022
3.069
3.53
3.377
2.111
6.246
1.265
4.192
-5.11
1.384
0.515
9.551
5.316
-1.399
1.291
1.561
-19.183
-17.566
4.551
-15.315
-0.138
6.192
-4.426
-2.162
19.119
9.091
-22.589
-22.589
-15.298
-8.159
-1.193
1.379
4.574
15.535
-12.268
-8.549
8.07
-6.003
1.274
8.1
0.035
-1.024
9.438
5.528
-14.051
4.222
4.423
4.216
-13.554
1.193
-22.048
4.175
-22.047
4.179
-9.453
2.132
-6.089
4.33
6.285
5.527
4.523
-3.548
6.258
-4.148
7.234
-1.172
-1.16
1.393
7.216
2.595
-10.463
-0.282
1.03
9.54
-9.214
3.548
1.315
23.426
2.012
-1.576
11.088
9.178
22.201
-0.416
3.476
5.001
-5.38
-7.328
-21.323
-0.254
0.218
-2.024
5.588
0.141
-5.48
1.284
-8.553
1.542
0.219
-9.049
3.164
-20.13
-1.062
-23.019
7.097
-8.191
-20.1
-9.393
-9.384
5.555
5.315
-0.094
-11.368
15.017
0.248
-4.57
0.54
4.189
-6.527
5.106
4.054
-20.309
12.543
5.062
1.598
-4.299
4.436
8.342
-2.322
-6.043
1.176
3.072
-8.152
1.236
-1.11
12.32
1.29
-7.093
3.037
4.407
9.152
1.274
-6.56
3.29
-2.235
1.002
-4.518
2.568
0.579
0.309
-6.527
9.209
-2.517
4.191
8.225
16.435
-8.065
9.443
5.176
-6.25
3.518
-15.392
0.297
2.156
6.212
16.44
8.391
22.018
-10.104
3.515
-6.529
3.003
6.372
10.577
21.455
12.167
0.465
0.014
4.453
-1.037
-1.163
4.086
5.357
0.56
16.139
-14.018
-0.391
8.543
-14.006
1.326
0.501
-5.084
-20.459
-6.129
1.568
-2.465
4.171
4.171
1.055
0.533
0.54
-14.103
5.234
0.287
3.208
21.141
2.181
4.451
-2.05
0.098
1.196
0.509
3.515
-11.555
-0.139
1.031
9.45
-3.535
-1.138
-2.05
8.34
16.139
3.516
-5.123
1.235
2.089
0.006
-1.081
16.346
12.057
11.425
-1.401
-4.198
7.337
-1.105
11.053
3.354
-1.212
11.055
-1.259
-1.215
-5.083
2.221
18.303
-5.027
6.535
-10.239
2.58
2.577
-3.562
2.06
3.433
-1.425
-5.562
-18.418
-1.404
-0.383
-5.478
0.026
-1.263
-0.446
-2.285
10.495
-5.585
-4.319
0.444
6.002
7.313
5.398
5.406
-2.545
12.376
4.211
-8.426
-2.378
0.471
0.472
2.004
20.108
2.004
-4.592
4.303
-2.146
5.137
-2.16
-5.308
4.176
-2.0
-13.575
16.093
3.213
4.323
3.16
21.341
-19.435
-19.442
-5.137
7.454
1.229
-0.364
7.219
3.568
-14.252
-14.25
16.061
6.449
4.127
2.354
5.293
1.114
12.568
3.339
-1.15
13.583
-2.559
-2.552
-5.554
-10.131
11.485
1.409
18.181
-5.571
-0.032
6.018
8.266
-3.445
-4.07
9.299
-7.305
1.19
20.363
-6.006
-6.539
-4.324
-11.298
-10.153
-7.332
5.426
-3.261
-3.444
-6.139
3.275
-4.162
-2.579
3.314
3.275
3.294
-9.354
3.362
-14.262
-15.423
1.184
1.28
9.277
-5.597
9.328
7.347
14.225
-0.307
1.424
-15.019
-9.011
2.599
-18.145
-5.545
4.496
4.501
1.108
3.397
-12.293
3.397
-3.048
4.214
4.216
-2.486
0.292
3.244
-19.503
10.418
3.332
-3.172
-1.521
5.083
5.083
3.468
4.138
-0.331
-2.084
4.216
11.379
-2.07
7.457
3.426
9.499
7.5
-13.013
-2.09
-1.508
2.599
-20.187
-20.226
-0.394
5.082
5.08
14.017
-3.506
2.161
1.413
0.436
-0.401
23.301
-15.158
-36.531
2.598
4.216
-10.106
3.325
-16.386
-0.037
-8.492
-9.525
-1.205
2.131
2.158
2.578
-16.38
-7.291
-17.545
3.053
9.196
17.281
-3.191
-12.023
4.111
-1.106
13.193
0.501
-0.302
9.445
-10.491
-0.192
-2.53
-3.576
-2.471
-5.247
4.345
-10.497
-2.12
8.569
-0.162
3.005
2.349
-8.162
-1.141
-16.131
-16.132
-4.073
19.494
-4.022
-18.279
-18.279
-0.188
8.019
-11.514
-1.244
8.406
1.079
3.174
4.335
5.283
-0.465
6.378
6.333
5.101
-16.426
-3.081
-8.183
-16.422
1.284
1.282
5.207
2.363
-2.019
11.288
11.285
-23.237
14.505
5.499
12.202
-3.169
-12.158
-0.493
-0.465
13.488
1.522
1.5
5.482
-0.01
5.557
-11.29
11.056
4.199
17.481
-9.114
0.25
5.464
0.037
-3.219
3.147
3.149
2.105
2.211
3.0
3.2
-4.26
2.519
11.519
11.52
-22.29
1.234
-7.091
21.513
4.177
-5.049
-2.511
-1.455
4.285
-4.575
3.571
3.6
-0.335
11.006
15.055
-4.586
12.273
-5.028
3.073
-4.59
-5.417
0.375
-3.561
-9.241
-7.311
8.034
-3.218
4.166
-5.135
5.0
3.005
5.091
2.311
2.514
-5.42
-2.116
0.299
4.195
9.431
-1.144
6.199
2.536
2.29
1.177
6.347
11.323
-1.453
-11.416
7.028
6.146
10.192
-4.049
-14.281
1.017
14.578
3.546
-0.597
2.42
-2.489
-14.256
-17.532
4.332
-17.534
-0.203
2.119
-2.075
8.426
1.449
-11.01
-10.474
11.02
-5.097
11.016
0.165
14.219
1.559
1.56
0.573
-1.595
-2.194
4.06
3.519
-6.106
3.112
5.557
8.037
2.306
8.094
1.253
-6.282
4.426
4.429
-2.294
4.429
-4.235
-0.502
-7.373
-0.462
1.392
-0.462
1.393
1.381
-0.274
12.229
1.508
-1.229
19.584
4.461
-0.014
-6.403
-0.504
3.174
-21.355
-0.089
6.055
-0.281
-1.503
-1.304
-2.53
-0.006
-0.164
-1.232
2.526
-0.056
-13.326
-1.408
-0.468
-1.425
1.018
6.292
-1.172
-0.334
-1.411
-4.118
-19.303
-3.0
4.458
9.029
1.093
-1.187
20.429
12.222
-17.582
8.217
-0.462
-6.403
-0.363
-3.313
-0.212
-20.025
-8.327
-22.491
-1.393
4.117
4.45
-1.055
-4.335
11.071
2.041
-1.378
1.065
-0.089
10.162
-11.394
-2.247
17.031
-14.18
-9.211
-15.154
-2.178
0.06
-8.058
2.496
-11.076
-1.24
1.554
-0.474
-1.184
5.516
11.007
-5.39
-4.501
-14.219
4.032
1.199
-2.502
3.159
-4.323
1.517
3.408
-13.512
3.408
-1.084
-4.494
-23.287
6.547
-1.403
-2.145
-1.343
0.501
-2.596
24.533
11.002
4.236
-15.149
-4.182
-9.341
5.162
0.154
1.0
-3.316
-19.431
-5.236
-19.431
-3.011
-6.402
-4.187
-2.083
0.359
0.154
0.152
-7.412
14.501
0.169
1.062
4.288
-2.043
18.551
-8.064
8.583
17.418
13.34
-6.221
-10.268
-5.529
7.385
8.58
-13.201
6.233
-0.562
-3.288
-0.276
6.064
-0.516
-7.229
1.036
-1.501
-1.404
8.582
-10.115
0.077
-17.187
-12.28
-6.399
-20.022
-20.026
-1.15
4.0
3.507
7.22
3.507
-12.188
-12.188
-3.052
-14.076
-15.11
-15.108
2.413
3.426
-0.423
-0.451
3.315
-3.239
20.248
-17.185
-0.202
7.147
4.17
4.18
-2.235
3.27
1.27
1.274
-2.112
-1.189
-24.485
-2.136
-17.249
2.283
-5.112
-3.224
1.596
-6.42
3.556
8.416
8.413
-9.482
1.109
-9.479
0.098
-1.471
-3.403
-9.316
0.111
-6.493
-3.035
-21.393
-21.424
1.129
5.274
2.367
-1.304
4.552
13.565
19.54
6.208
7.181
12.236
-12.001
-2.486
7.036
-1.501
4.28
22.559
3.585
-2.117
13.546
12.214
2.543
12.2
12.207
14.197
0.182
-8.411
7.19
-0.458
-0.46
-0.183
1.084
-8.469
-0.005
7.253
-2.134
-0.124
0.108
-3.316
-3.015
9.42
2.486
2.473
2.29
-7.025
7.083
-5.0
4.304
6.514
-3.089
12.34
-2.076
-4.547
1.115
4.598
-0.517
10.174
4.333
14.26
-0.344
0.204
-13.081
-1.134
22.092
1.395
5.53
15.44
9.453
-5.376
9.286
-0.342
-2.424
-5.506
0.006
-8.014
-5.272
-17.406
-6.114
3.426
3.426
5.266
5.487
-9.3
9.509
0.008
-7.256
4.199
-5.392
-2.17
4.18
0.47
-0.337
-19.559
-2.511
1.397
3.232
-16.592
1.283
4.319
5.091
11.214
-1.102
12.053
-10.178
-21.144
-0.444
-3.097
18.1
3.188
0.478
0.482
3.252
3.252
-2.314
3.575
12.471
0.598
-7.154
-11.531
12.161
6.341
1.382
2.494
-2.313
0.34
-2.075
-2.502
3.476
-0.01
3.267
11.01
0.004
-0.427
-21.09
-2.146
-0.442
4.192
-7.348
0.168
-5.283
-11.548
-0.503
-20.42
-3.09
-3.234
22.068
0.496
-1.402
13.033
-1.442
-16.101
11.137
0.424
5.302
4.159
-0.252
-4.434
11.073
-0.101
5.256
-0.108
-0.285
0.336
2.254
-0.057
0.123
2.033
13.008
-2.44
-2.468
-12.273
2.246
9.558
-0.068
11.397
-4.352
2.245
1.447
-2.011
0.5
1.445
1.448
-1.256
-14.345
-14.346
4.277
9.546
-0.548
1.585
-2.284
2.565
2.576
1.214
9.551
-6.151
-3.074
-8.534
12.453
-8.525
2.068
-2.042
1.005
2.23
9.187
11.205
6.2
-6.047
14.578
-15.208
1.3
1.326
20.118
0.123
3.55
9.171
-5.298
-5.299
14.549
-5.399
1.418
11.263
-4.268
3.158
9.222
-7.22
3.184
9.224
-15.243
0.125
6.371
-2.215
11.467
3.426
-1.141
-0.292
0.066
9.444
3.073
12.278
-2.186
-0.164
2.306
1.12
-0.245
2.506
-4.342
3.041
-0.102
-2.443
-5.402
-1.034
-3.587
-12.045
1.29
2.213
14.055
10.382
0.275
6.507
1.489
3.25
-13.172
0.228
-1.058
-0.245
-11.321
-0.361
-4.079
5.091
0.03
1.434
4.395
-2.135
-5.499
-3.018
-3.16
2.407
1.445
4.152
4.153
2.407
-3.23
3.578
-3.148
9.202
2.53
-0.073
4.529
-12.34
-0.361
-9.39
2.289
3.009
3.088
5.051
6.19
-21.315
-21.317
-6.348
-20.138
-20.141
-0.226
-0.074
-1.145
-19.235
0.277
-18.473
1.194
-10.184
4.232
20.29
10.006
-0.44
4.144
4.144
2.146
-4.334
-0.467
2.083
-8.407
-2.39
-1.184
3.194
-3.121
3.365
0.017
1.204
-0.007
-1.336
4.214
9.533
2.21
-0.53
-2.399
14.129
3.108
-3.232
-3.227
-17.048
-0.445
-7.587
4.183
-1.061
-1.035
-1.302
-3.028
5.471
11.101
-5.199
1.134
-15.009
1.094
-1.145
0.194
-7.156
-21.018
17.067
11.567
1.592
26.406
-5.155
0.17
0.266
0.279
5.005
-5.553
0.27
0.423
1.172
-0.181
16.039
21.396
0.403
-15.0
13.258
-1.48
5.275
4.159
0.386
-0.402
-2.327
3.203
23.222
7.369
-6.191
-10.499
-0.251
9.151
-0.335
6.09
-6.383
3.238
10.159
0.186
-10.486
3.252
3.252
-10.555
3.134
4.365
4.367
7.199
2.549
0.505
-0.286
-3.292
0.505
-17.028
-2.294
-0.302
-0.302
0.268
-2.424
-5.561
2.379
2.378
2.379
-17.054
-0.226
12.333
7.102
-2.49
4.039
1.092
-7.041
-2.307
-14.137
-14.135
-1.14
16.236
13.284
5.223
4.041
3.475
-3.28
-0.227
9.024
-1.124
17.595
-3.185
-10.515
0.347
-2.145
2.014
1.062
9.439
9.518
-3.042
0.111
5.544
-3.066
1.525
8.14
4.015
8.075
9.198
1.062
-12.43
-22.333
12.501
7.319
-7.041
0.169
-5.424
11.442
0.189
-6.44
5.043
12.351
0.315
0.505
13.555
-5.426
4.182
4.121
-3.122
-4.118
-1.46
-1.169
4.298
-2.527
6.065
13.391
-5.495
-8.394
12.039
0.598
0.596
-11.285
1.45
-6.528
-2.527
13.342
1.347
-1.191
7.302
-6.485
-10.1
-5.152
-6.124
3.01
3.532
6.148
6.19
-6.024
-4.389
-23.541
0.588
-2.201
-0.333
-6.332
-4.037
4.533
-6.272
-9.056
-1.465
12.3
-1.463
-1.303
-1.139
-3.061
-16.295
-5.395
-6.34
-3.073
-4.137
2.324
1.028
1.033
3.209
-14.217
3.583
-5.402
-2.406
0.561
-14.221
-8.415
0.57
-2.163
-2.0
17.425
8.21
-0.104
7.166
1.08
-0.105
-4.311
1.08
-9.019
0.415
-4.039
0.416
-3.219
2.009
2.016
-3.211
3.211
2.015
-12.565
-0.298
-15.133
1.578
-21.339
-21.34
-8.116
4.4
12.257
12.263
-0.401
12.097
0.439
-2.093
-3.512
-24.09
-3.3
-7.079
-3.184
-3.287
10.054
11.097
-7.081
-11.437
-4.355
-6.59
-9.419
-22.025
1.102
1.01
-12.572
-5.207
-12.57
-1.042
1.219
-4.427
5.537
17.038
0.098
-2.404
-0.321
-2.401
-2.209
22.179
6.189
14.46
-2.092
-13.576
-1.333
-10.091
-5.522
-3.257
12.296
-2.211
14.461
-3.062
-2.327
-10.561
6.266
-6.093
13.269
8.51
1.532
13.27
-2.296
2.186
12.382
2.301
-14.035
2.012
-1.192
-7.017
-10.404
-11.2
11.002
-11.206
-0.126
6.548
8.551
6.422
-3.561
5.491
-4.302
7.229
3.063
-0.072
9.102
-2.025
-0.329
16.088
-14.327
4.126
4.349
1.08
-2.194
9.567
9.088
-5.237
-2.344
1.474
1.452
-4.434
-1.562
10.572
-2.0
-3.552
2.401
-0.333
-12.193
-2.331
-3.19
-3.039
13.492
-6.262
3.45
-8.098
-7.293
11.269
11.268
17.043
-6.229
1.068
4.132
3.364
-0.367
-1.371
-1.371
-11.15
-6.233
-0.425
22.55
-0.448
-1.029
-19.515
-4.286
-0.057
4.273
-15.354
-15.32
0.364
-3.051
-2.328
12.0
-2.133
23.188
-2.387
11.599
-20.177
-36.206
-9.003
-10.18
-0.407
6.092
-25.208
5.533
-7.034
0.549
-2.236
-6.305
11.23
-9.009
10.512
-0.287
3.4
-2.02
-7.48
1.068
-3.132
6.199
0.388
1.473
6.198
0.01
1.473
-7.356
-0.448
5.113
-4.431
-7.357
2.485
7.235
7.272
-0.493
-7.049
-2.267
2.029
-0.052
-0.398
-1.295
9.261
-2.187
-3.29
24.403
-7.06
0.264
-15.304
-2.188
-1.255
-15.301
1.469
-1.259
-2.189
15.126
0.256
10.35
3.445
3.443
14.301
-6.375
-2.404
9.127
2.432
2.43
2.519
-9.372
-0.573
-0.458
-0.46
-4.509
-1.045
0.303
-7.479
-1.542
-7.474
9.217
-6.298
-13.129
3.069
6.193
-2.181
-8.276
-1.599
-2.085
0.419
9.586
-7.236
-1.167
0.219
6.485
3.54
3.254
-2.179
11.098
-12.175
-19.354
-2.09
-7.132
-18.197
-7.436
4.261
18.065
-6.528
-0.206
0.361
-8.478
-2.091
0.319
-0.287
-2.454
4.141
5.57
4.289
-0.518
-1.515
-3.485
-3.486
1.021
0.315
-1.242
-6.563
4.088
-0.32
0.018
-3.434
-6.434
-2.159
-1.333
-0.448
13.187
-13.12
-0.574
8.475
2.447
-2.12
21.416
-13.377
-0.32
-5.241
1.047
1.451
-0.41
1.452
20.149
3.096
8.365
9.106
9.105
5.454
-3.395
-0.537
12.304
-18.578
-1.12
3.1
-3.028
4.54
4.476
-20.305
-1.371
-20.298
-20.168
1.494
4.403
0.318
-2.009
-21.398
-1.149
-15.034
3.505
3.505
5.074
-2.406
-2.58
0.325
8.313
10.466
8.176
-8.01
-2.176
3.446
-1.326
9.214
5.449
-3.246
-3.476
7.049
-0.144
5.17
9.214
-15.269
-3.512
16.199
1.122
-1.004
-15.097
-4.048
-2.4
12.183
1.094
16.177
6.053
-6.546
-5.435
-5.426
0.263
7.308
-12.581
-0.358
-7.424
-23.143
-2.576
6.09
12.438
-15.253
-2.252
-6.165
-12.419
-0.286
-3.538
0.17
-9.129
11.36
-2.296
4.008
-9.119
5.567
0.076
-0.339
1.092
-3.298
-13.109
5.026
-18.078
-21.116
3.011
1.021
-4.005
11.386
-0.319
10.488
-0.304
-4.581
-8.155
-8.192
-0.595
1.546
-22.125
13.049
-19.442
-0.319
14.187
-22.284
-2.227
-2.414
6.233
-0.453
-5.226
4.377
-9.26
-7.51
10.382
0.147
-3.476
23.188
-7.372
-15.391
4.195
-8.162
-2.396
12.017
0.067
4.54
5.096
-8.173
-0.219
-0.237
-6.106
3.567
3.568
3.568
14.286
-8.123
2.144
-5.31
12.144
-7.309
-13.134
-19.295
-19.295
-5.413
-1.04
-6.423
4.092
4.092
5.064
5.064
2.262
-6.102
17.555
-9.377
5.054
-10.097
-8.599
3.465
4.262
-17.583
7.269
3.572
-16.511
2.555
7.076
7.075
-2.472
-3.227
-0.016
6.487
-3.26
-3.255
6.008
0.414
-1.024
-10.022
0.304
-6.069
-0.204
8.14
-3.091
-0.18
-5.398
-0.484
-0.475
-0.102
14.46
-17.593
-1.537
2.025
-7.183
2.025
-0.372
-5.388
-0.479
-0.426
-0.068
-2.405
0.519
11.469
-7.55
5.57
-0.475
-14.204
-1.446
-24.138
-7.48
-1.042
-4.178
-8.438
-6.196
-7.133
1.186
-7.076
5.562
11.36
-9.161
-13.428
-7.149
-7.07
4.361
8.588
-1.592
-12.48
-7.384
-0.229
-0.562
22.365
-13.168
-0.503
9.486
8.532
-0.52
8.528
-1.507
6.314
9.002
-6.501
8.599
1.006
2.504
15.531
8.343
8.124
4.437
-0.386
1.122
5.491
-6.468
4.436
-4.552
-10.059
6.0
-23.158
-23.159
5.515
-1.387
-0.338
3.205
16.502
14.065
8.167
-10.454
-2.172
17.584
-6.059
4.322
-17.24
-7.329
10.433
-22.469
2.321
-1.497
-2.287
-0.477
5.068
-2.396
11.446
11.447
11.582
11.586
1.398
-5.375
-2.396
3.558
-11.052
-16.57
-16.57
-6.0
-15.569
-8.25
-15.256
-15.252
-3.447
-8.257
6.218
9.35
-12.123
-12.388
-6.255
-18.005
-3.446
9.385
22.173
4.471
-4.322
-4.373
-14.219
-11.569
0.378
-2.176
3.084
3.085
2.204
12.533
12.509
-1.421
10.533
3.032
-0.158
-0.156
-10.434
-10.432
14.054
-4.151
-4.153
7.109
-5.021
-9.083
-4.51
1.312
-3.048
3.174
2.226
2.062
3.201
3.006
4.004
5.25
-0.481
26.266
16.334
8.068
10.585
11.487
16.456
-8.552
-17.244
-21.395
24.569
-3.465
-0.089
5.487
-26.313
-12.472
-6.236
4.22
-4.01
1.015
4.001
-5.321
-10.339
-0.292
-19.524
-1.248
12.587
3.118
2.508
3.272
3.447
3.442
3.543
3.442
3.532
-8.264
4.19
-0.483
2.595
0.115
0.114
10.419
-5.06
3.269
2.406
3.116
3.264
0.352
5.282
-0.507
-0.511
2.39
1.256
9.445
-0.388
-4.519
-1.0
3.119
2.509
10.306
-5.006
-0.339
2.092
-0.308
13.388
3.251
4.414
2.412
17.55
3.527
-10.391
9.284
-10.403
-14.286
-6.399
-0.291
-9.261
-4.092
-2.202
-2.533
-1.102
-6.269
-2.46
-4.479
6.389
-0.018
-8.152
3.368
3.107
-12.256
10.408
-2.3
-4.585
-10.562
9.354
-7.083
-1.359
1.018
1.019
0.196
0.107
3.182
8.39
-10.032
9.263
3.058
2.572
-2.466
-1.591
5.466
1.188
-6.564
-5.423
2.441
-0.18
-1.082
1.186
-7.484
-6.483
1.495
15.539
0.202
8.007
-2.092
6.383
0.398
-21.063
2.153
0.206
0.317
5.309
-8.135
3.513
-5.257
1.56
1.56
8.006
1.455
1.454
-0.096
8.495
-9.069
-1.0
-0.06
8.528
0.024
0.024
-4.503
2.226
-2.34
2.123
0.212
-9.151
4.408
1.263
3.174
12.035
-0.478
0.205
0.206
-7.344
-4.068
-0.059
22.572
9.276
9.279
6.502
3.572
-9.036
-6.444
1.165
-2.119
-6.292
-6.441
0.466
-10.1
-3.217
3.491
4.158
0.07
-0.193
-2.33
-7.209
-7.543
1.058
6.461
16.013
-0.011
-1.36
-0.126
14.027
10.545
2.106
-6.311
-0.09
1.533
-0.056
9.354
22.426
-2.193
5.517
-6.58
10.572
6.176
9.528
1.418
1.541
-0.297
1.416
2.086
-2.12
3.276
3.282
6.489
-5.064
-23.587
6.556
-2.522
3.527
2.486
-2.0
-4.262
2.155
0.2
4.341
15.142
1.57
6.36
3.204
-0.4
-24.024
-2.508
12.479
-13.057
4.126
4.131
0.016
-4.284
-3.379
-12.562
3.144
-8.531
-11.187
9.348
-1.233
5.363
6.569
3.028
-2.076
-9.204
-4.021
-7.264
2.32
1.558
2.215
0.23
-14.32
6.561
-0.483
0.501
0.245
-14.588
-11.474
1.304
0.371
0.406
-12.091
6.352
-2.298
-1.359
13.05
-13.377
0.401
13.335
13.334
8.019
16.329
-5.241
-11.519
2.419
-5.353
9.226
-2.204
6.367
2.356
6.525
0.569
2.555
2.557
-0.307
11.52
-7.425
2.127
10.35
14.385
2.307
4.137
4.138
-2.138
-2.208
1.571
4.191
16.236
-4.512
2.006
-1.164
12.423
-6.448
12.454
-4.007
1.27
0.36
3.21
2.448
-2.011
-2.458
11.124
11.12
3.203
-0.324
-24.055
4.238
1.296
-5.089
5.197
10.271
-9.232
0.084
11.32
-2.203
5.596
-0.297
3.578
11.099
0.502
-4.336
-1.492
-5.229
5.534
2.312
-1.414
9.257
-7.281
5.014
4.274
9.361
23.321
11.096
7.23
3.578
-6.496
1.234
-1.598
3.597
-0.404
-0.404
0.246
6.462
2.171
4.237
12.061
-6.497
-14.167
3.459
-1.577
2.589
4.3
4.405
4.406
-6.569
-12.228
-14.515
-5.421
-0.442
6.243
8.454
4.148
3.2
3.293
7.565
-2.0
1.081
-7.599
5.169
9.355
6.191
5.247
10.204
17.491
0.035
3.579
6.038
-0.257
2.484
-1.583
2.055
-2.12
6.03
-2.393
17.084
-0.195
21.386
8.376
0.497
2.052
-1.15
-4.379
12.376
14.343
13.319
13.323
-6.088
-8.107
-10.316
11.011
-7.409
9.385
-2.183
2.023
5.284
-5.333
2.044
13.554
-10.126
20.229
-5.579
-2.338
8.066
8.071
-4.243
3.509
3.509
-6.372
13.138
2.568
-2.506
12.259
22.464
-0.015
-14.531
-5.202
17.017
9.266
3.464
1.271
-15.471
2.308
-0.372
10.33
1.565
3.138
2.425
4.554
-2.352
9.597
0.478
7.426
13.369
14.206
-0.193
-0.196
5.148
2.467
22.414
-6.137
-4.593
-14.594
4.038
-8.296
-5.571
-5.574
-4.205
11.046
13.395
-0.453
-17.002
8.269
13.555
9.208
-11.04
4.266
1.214
-6.278
12.561
1.213
2.019
0.357
3.164
3.164
-17.42
0.36
17.046
0.28
-0.352
0.281
-13.567
9.196
-9.474
0.073
-26.3
11.477
-5.265
-4.282
13.296
-11.0
-36.538
0.388
-19.438
0.095
2.395
-10.539
8.545
4.059
-5.48
13.052
11.344
5.173
-2.298
3.023
3.437
3.437
19.372
5.197
1.561
-15.588
-2.297
-2.484
15.134
-1.126
13.521
21.522
-11.473
-6.449
8.349
5.509
-6.08
12.182
-3.006
0.093
-1.108
10.494
-6.145
-1.295
0.198
-2.508
-3.052
-6.224
2.58
16.561
0.071
-7.342
-2.207
-18.022
-1.179
-4.351
11.364
-1.171
4.35
-3.458
-2.536
-3.517
5.179
6.511
-14.295
5.087
5.544
-9.174
-2.163
1.443
4.353
-6.203
-5.372
1.321
4.416
4.413
4.417
-9.152
4.259
1.313
5.002
5.002
3.518
-6.408
1.265
-14.244
-6.148
5.081
5.082
5.084
-13.176
-22.458
1.479
-4.26
1.057
-4.335
1.532
-15.479
3.166
4.172
12.399
-9.239
12.403
-1.105
-11.182
-3.589
0.36
0.36
7.045
8.558
4.169
4.169
-3.598
7.119
20.533
2.426
-1.091
-1.108
14.527
-9.318
-10.366
4.008
4.314
10.554
-12.058
16.44
-11.057
-3.137
16.423
1.335
16.022
-8.536
28.405
-2.321
4.434
-7.565
0.086
4.435
3.057
12.347
-1.285
-3.502
-9.368
-15.081
-13.01
-0.531
-8.571
4.533
9.202
-9.39
-3.509
0.423
17.468
7.071
-10.289
-5.278
-6.526
4.027
-4.14
-13.017
-9.088
-6.498
-7.578
-10.132
-1.0
-4.417
4.475
4.466
6.134
2.39
-11.045
-5.511
3.413
3.54
4.445
5.376
4.508
-28.593
20.408
-10.448
-16.247
-19.242
-19.242
11.261
0.094
12.449
2.321
1.299
22.33
11.261
-8.027
-10.282
-1.2
-3.211
22.231
-9.453
1.583
1.593
-0.152
4.12
-3.283
5.408
-8.227
-15.503
-8.524
10.531
-21.19
-2.0
12.225
11.204
-0.505
4.46
-18.353
-7.21
4.31
15.276
14.032
1.269
9.225
0.289
-9.3
-0.05
4.507
-1.325
-10.361
-6.595
5.578
13.439
-6.375
-18.583
1.444
9.2
-11.561
1.382
-2.274
-0.122
-4.397
-18.529
-3.563
22.297
-2.566
-15.191
0.427
0.475
3.382
-5.379
-4.351
12.45
11.237
1.042
-14.534
-8.275
-15.158
1.141
-5.346
-28.528
-7.075
1.069
0.526
1.065
0.526
18.078
10.421
10.068
-10.536
-11.218
13.184
6.064
-0.01
-6.315
3.284
-4.142
-15.05
-7.478
-0.58
-5.404
-12.175
-1.456
-7.595
1.23
-0.122
15.5
-21.269
2.458
12.221
1.125
11.013
-11.093
8.545
-2.19
-7.214
2.457
-9.245
-10.056
-3.402
-4.334
-0.048
-5.312
4.481
-7.299
-4.051
2.158
-2.471
-1.187
-2.178
11.42
13.503
-5.368
-5.092
-17.442
-7.39
-0.215
-1.332
-12.223
1.348
4.161
1.291
-1.188
-22.398
1.099
2.552
13.393
-21.279
-21.279
-3.042
13.264
-4.293
2.519
14.439
-15.237
-15.272
-6.534
-6.563
5.027
12.183
1.432
0.437
3.531
9.397
-0.437
-6.363
11.34
0.182
3.371
-2.385
12.191
-10.584
-2.261
-20.5
-6.435
-2.564
-3.025
8.185
-2.181
-6.483
-1.065
3.406
2.261
-14.052
-1.489
-3.434
2.251
3.439
-14.359
-14.364
2.187
2.187
-14.014
1.419
9.25
11.151
-2.253
15.491
1.275
22.378
-6.098
-14.179
-14.159
1.103
-9.491
22.19
-5.444
-3.595
-7.291
9.243
-3.385
-11.368
-2.595
19.558
-1.492
6.107
0.483
-8.07
-4.57
-13.312
14.062
2.566
-21.413
-20.017
0.463
2.171
-7.075
4.351
0.315
-2.253
-20.337
2.251
-20.34
1.549
-12.233
1.548
3.402
-6.068
-0.35
-0.221
-2.596
-2.595
1.296
23.472
4.495
19.28
4.232
2.541
-11.057
2.201
1.105
4.205
3.098
0.046
3.283
3.423
3.052
2.562
1.395
1.396
7.52
-1.16
3.549
-3.546
5.005
9.19
9.15
-3.401
-3.493
24.159
-3.163
-19.084
0.583
-11.197
-5.354
0.115
3.003
0.592
1.032
-6.259
10.316
-6.258
1.214
1.03
-6.335
-20.327
4.536
0.128
9.138
-3.523
-18.366
-9.169
0.439
1.427
-5.015
-4.588
-1.481
2.243
-5.322
-18.006
-16.592
-11.145
-6.251
-19.271
-13.317
2.297
1.475
-9.186
22.105
-0.344
3.133
24.143
-9.436
-6.522
-0.085
-6.312
-2.009
3.545
12.102
-1.355
4.055
-5.426
3.279
9.297
6.122
7.175
23.291
-0.022
-15.232
1.417
-0.074
0.288
5.306
21.34
1.033
-18.004
2.562
0.493
-2.521
0.526
6.319
-0.496
-10.404
4.059
18.224
12.125
12.112
2.184
-2.531
9.53
-4.585
-2.246
-2.112
2.54
-0.08
-5.129
2.533
-6.538
-18.091
22.504
10.164
4.247
1.245
4.248
-2.012
19.076
10.285
-10.399
5.56
11.306
-6.224
-6.473
-15.094
5.159
-0.336
2.369
23.155
4.302
1.111
-15.107
1.116
11.363
-2.356
-14.025
-15.137
-18.345
-11.108
-17.345
7.049
10.243
10.256
7.018
-3.325
11.598
21.359
2.369
-0.42
-8.397
7.251
0.49
8.391
-2.118
3.215
3.528
0.344
3.106
11.212
10.405
7.277
-14.553
-21.306
0.469
-6.12
10.177
-6.238
5.08
-11.406
7.5
-24.331
-2.179
-2.126
6.237
16.281
0.576
-11.268
-3.571
16.291
-1.008
-1.011
4.409
-0.245
1.033
1.035
-5.328
1.198
-6.458
3.55
11.506
-18.443
-17.083
-8.114
-14.188
4.242
5.119
-10.267
13.58
-2.515
4.239
-14.205
11.479
12.41
-7.097
-10.27
2.393
0.031
-8.212
9.289
-1.114
-25.234
3.26
-6.201
-1.11
-0.151
-7.405
7.5
3.244
1.14
-1.235
-5.393
4.139
4.134
-1.271
-3.554
-12.449
-0.217
-20.439
4.341
-25.256
11.363
-2.178
6.31
27.445
-31.356
0.042
4.221
-0.108
-0.105
1.198
-6.473
-2.083
0.313
0.316
2.584
5.399
-0.118
-0.446
-14.436
-3.082
-8.266
3.04
-3.081
-1.315
9.054
-4.128
0.494
2.306
2.307
-5.006
-0.272
-5.54
-0.04
2.044
-2.57
-17.462
0.12
-9.281
-8.091
6.218
-6.46
-0.05
16.374
3.048
2.592
-3.453
22.154
-16.523
0.515
-2.136
2.117
1.16
19.083
7.403
9.445
9.449
0.165
22.162
12.271
7.439
4.538
12.35
0.469
11.237
13.44
9.27
-4.114
-2.185
-6.309
3.458
4.559
3.328
4.458
4.556
-4.5
2.188
-0.598
5.257
6.537
-6.396
1.491
-3.209
-2.22
-5.49
-2.59
-0.528
-15.483
0.306
3.402
13.244
-5.089
5.146
0.435
7.57
-4.585
-4.555
-4.528
-0.133
-31.347
-13.24
1.155
-13.238
7.498
-14.068
-14.07
0.365
4.322
4.039
3.458
-4.529
7.093
7.093
4.066
-1.271
-7.127
4.429
6.145
-7.122
-19.359
-19.343
-3.405
-0.154
6.548
3.542
0.104
-14.302
-3.073
1.383
-4.538
5.224
-20.304
-10.471
-0.1
1.072
2.417
-1.368
-1.36
-2.385
-3.305
-0.122
1.073
0.131
-3.455
-20.18
2.513
-16.01
-6.015
9.439
9.305
6.571
5.152
17.345
5.342
-8.189
-3.098
-5.183
4.059
-9.528
2.024
12.133
12.145
2.024
-2.063
-3.139
-2.537
-5.51
11.202
-1.061
-9.152
1.442
5.341
-13.106
5.162
0.565
5.255
1.219
4.057
4.049
11.027
-0.268
8.135
1.3
-0.47
1.22
1.293
19.406
-0.596
-0.593
2.364
1.249
3.51
-16.317
-9.283
1.443
3.409
2.325
2.325
20.444
0.106
-4.573
2.212
-5.542
-7.509
0.215
-9.053
-4.241
2.527
-7.51
-3.073
-0.329
-5.006
3.086
1.039
-0.217
-7.478
2.355
-22.444
-10.2
-13.171
-7.479
-6.498
4.402
14.038
6.425
10.567
10.57
-10.204
1.076
6.501
-10.38
-8.171
-3.598
0.164
-3.213
-12.346
-7.443
2.365
6.294
1.492
-13.467
-0.062
5.118
10.474
-2.529
-4.057
2.288
-2.529
7.289
4.325
0.026
4.326
8.596
7.251
4.124
-0.133
0.151
-2.129
-9.396
13.335
-2.472
-18.053
1.15
0.08
0.12
-2.25
13.154
-22.43
4.543
-13.005
1.404
0.114
3.247
-12.357
0.106
-2.177
-5.446
-3.184
-2.112
-9.247
4.485
5.266
-6.193
2.003
10.188
3.05
3.05
-22.437
-0.231
9.429
-11.448
3.388
3.353
-6.284
1.501
1.502
-0.292
5.369
-3.301
7.104
3.072
-9.18
-6.213
1.039
3.228
-13.49
-3.005
-16.124
12.596
7.166
3.43
1.215
4.026
-1.278
-11.403
1.076
4.03
1.018
0.593
0.263
1.105
-6.177
0.317
-4.528
7.296
1.096
3.588
3.598
0.232
12.571
-5.065
2.019
-11.049
2.043
4.263
14.012
-4.135
2.109
10.341
4.259
14.517
14.493
-35.103
-1.282
9.478
-8.069
10.307
-8.482
1.037
11.545
6.01
14.247
10.269
-17.041
5.451
-1.07
1.196
2.278
-6.011
6.105
-3.435
2.151
-6.011
-4.019
-6.464
-10.296
-9.252
-2.545
7.185
12.057
-5.411
2.107
19.277
4.249
1.49
6.165
12.508
14.166
1.489
-3.581
0.484
4.228
0.456
0.444
2.254
5.591
-0.404
-4.135
18.063
-16.335
0.281
-18.043
-3.262
12.55
0.271
-6.579
-0.421
7.208
-7.377
7.095
-3.362
-2.342
8.093
-10.305
3.138
8.382
4.067
-13.582
-2.453
1.112
-14.177
3.467
-14.203
-4.405
-7.575
2.576
1.429
-3.555
-3.526
-5.374
-7.038
1.21
3.078
3.136
-7.033
-4.522
8.474
-10.21
-10.309
-7.525
14.055
-0.456
-18.343
12.281
-4.431
5.517
9.592
15.468
12.28
-0.331
-0.443
-9.098
3.508
-1.101
-1.285
28.291
-11.407
14.018
0.215
-5.116
0.374
5.287
-7.098
12.557
-1.531
-2.363
-10.378
3.093
5.579
8.483
3.37
-5.013
-2.241
-15.488
12.274
5.041
-17.4
-6.094
8.201
-2.541
-6.488
4.517
22.305
-6.103
-6.525
-5.143
-2.149
-2.369
6.283
-0.358
-9.427
-15.49
3.311
19.28
-21.534
-3.321
-8.227
-1.083
24.511
-15.486
6.496
3.221
-9.421
14.137
3.096
-3.321
-8.308
-0.263
0.451
-4.37
14.067
-3.283
-3.283
10.478
5.127
1.03
3.093
-7.241
1.256
8.282
8.281
-9.503
3.241
-6.528
5.59
-1.174
0.162
0.162
-6.528
9.195
0.557
4.156
10.166
0.249
9.224
10.311
2.143
4.302
0.418
-6.207
4.541
8.531
20.002
8.533
0.574
-13.19
-1.072
20.006
-0.331
9.579
4.428
-2.568
0.231
-12.496
9.582
-6.589
3.291
3.202
-1.149
-2.365
23.145
0.547
0.564
14.419
-3.003
2.151
5.317
11.203
8.072
0.37
-5.535
1.429
-4.458
1.414
11.203
-1.145
19.141
5.305
-3.004
1.391
3.559
-0.017
3.371
1.072
2.107
-11.405
2.067
2.049
0.268
0.415
-13.285
12.421
2.368
-8.005
11.05
1.312
-10.113
-2.058
17.439
7.259
17.465
-8.376
-5.26
0.213
-3.394
7.151
5.132
2.1
-7.098
-7.219
-10.126
-3.089
5.131
-0.153
-0.164
2.076
-4.406
-1.522
4.334
0.294
7.488
3.421
-20.567
-8.298
0.031
2.109
3.22
-1.361
-0.523
-5.221
5.391
18.522
10.039
-5.037
-5.21
-3.357
-16.134
-11.205
-6.242
7.318
-6.207
2.216
-9.253
10.554
-14.134
-10.105
-0.202
-0.203
-6.349
-2.106
3.408
-2.482
5.196
14.511
0.568
-2.321
3.505
-0.492
7.238
7.24
18.115
-0.306
-18.129
1.265
2.366
-13.037
8.565
-6.29
-8.329
-7.001
5.199
1.068
5.049
-2.324
10.497
-15.38
4.245
11.57
-14.014
-7.047
13.292
-7.219
-8.2
0.589
0.382
-8.512
-3.279
-5.399
4.282
-8.51
3.292
-1.56
-1.316
-2.46
-16.09
-8.529
-2.147
-2.313
-6.121
-0.203
-15.337
0.225
-6.479
-2.456
-4.524
14.168
-0.341
6.127
-7.557
-6.461
-3.359
-18.034
1.242
-1.239
-11.56
14.355
-3.516
5.269
6.52
5.163
6.203
6.147
5.446
-15.374
0.282
-15.066
-14.567
-9.246
-10.236
-10.438
-3.0
3.213
4.535
-10.383
3.522
-5.104
5.005
-20.027
-1.042
6.477
-3.087
-3.092
-0.432
-5.576
-4.528
-4.529
5.165
19.012
9.011
3.238
-22.341
-17.598
-21.404
-2.523
5.011
-13.424
21.343
3.093
-7.447
4.463
4.49
5.061
21.511
1.457
-4.552
-0.194
13.269
-2.58
3.537
-5.043
13.279
-18.349
0.341
4.346
-19.437
2.221
1.368
28.41
6.277
20.286
-21.413
4.45
1.35
-32.271
5.229
2.042
7.18
-4.195
3.183
3.202
-2.3
-19.563
-15.367
-10.2
-0.597
1.383
1.396
12.232
-13.37
17.006
-14.157
-21.278
-0.438
-0.448
-21.376
-9.206
-0.081
-15.106
-22.015
9.224
-18.593
0.291
-0.195
-22.268
13.359
-0.331
10.031
-4.014
-5.176
-11.284
-10.196
-2.509
-0.327
-7.409
-19.427
-6.487
3.588
3.345
-6.486
-2.455
1.549
-4.119
-10.356
-2.484
-17.426
-2.472
3.281
-5.486
5.126
-8.529
-11.499
-10.124
15.026
2.126
2.126
13.078
17.509
2.13
2.499
-8.549
3.487
-7.092
1.187
3.488
-2.409
15.407
9.498
0.248
-2.34
-0.331
5.159
-5.481
-3.354
16.098
-7.088
22.153
18.241
7.451
0.403
3.428
-15.281
-4.152
-3.38
0.572
8.381
-17.093
-0.548
-3.084
9.071
-3.393
0.409
-7.431
14.404
4.574
15.144
-13.556
-1.31
-12.126
8.032
0.474
1.358
-1.451
-9.454
13.072
-5.071
-10.207
11.242
-14.548
3.023
-15.066
-5.169
-5.006
-18.364
-4.371
15.13
-0.343
-10.589
1.251
0.2
-13.497
-15.029
-19.438
-1.034
12.397
9.004
15.244
15.242
-2.275
12.162
21.133
4.011
4.03
23.596
-9.521
-2.447
3.177
-4.383
-21.094
-20.166
2.302
4.2
-3.073
-2.022
3.139
10.052
18.238
11.21
11.205
-17.227
1.182
-3.048
3.409
0.493
-5.438
-4.587
5.082
-0.254
-23.073
-19.51
-19.515
0.581
-18.51
4.15
-9.152
-13.404
1.455
1.471
3.322
6.36
4.176
-5.103
9.411
3.183
-9.235
-5.29
1.208
1.224
-16.385
4.143
-6.228
-1.419
-5.396
-5.136
-4.284
-21.327
-17.58
-12.156
-9.392
1.514
-17.424
-12.132
-1.309
9.549
-10.19
0.03
0.031
8.043
-14.159
14.015
-10.29
-0.201
-3.458
-15.058
-12.491
-23.078
4.434
0.539
4.442
11.179
-5.072
18.239
-15.046
-20.193
-2.312
11.206
-6.569
-1.553
-4.251
-3.221
19.366
1.184
3.109
16.299
16.48
-7.148
21.127
-19.485
1.03
16.146
-0.417
2.369
1.237
3.101
0.502
-6.551
2.481
-4.071
4.321
0.307
-5.443
-6.234
18.575
-9.427
1.421
-6.04
2.307
6.297
-5.213
0.174
3.241
-36.447
3.406
3.409
-15.276
12.559
-15.274
0.232
2.165
2.165
0.188
3.048
3.015
-6.041
-4.463
1.092
24.079
-6.214
-6.031
-0.212
-6.335
0.132
-1.356
-17.412
-8.053
1.113
2.273
2.058
0.144
3.322
-6.332
-8.198
6.201
11.171
1.384
-7.113
3.504
-0.454
-6.306
7.208
-4.388
-7.117
2.5
1.041
-7.25
3.562
5.183
-2.498
1.113
-5.294
-21.45
-13.182
-8.491
-4.292
0.56
-2.166
-26.36
-0.353
15.245
0.234
-0.551
-1.565
-4.065
7.397
-0.288
-10.123
0.497
0.497
-2.319
0.218
1.565
-0.212
-13.468
0.238
0.236
-0.302
1.42
-1.518
-0.022
-1.245
0.156
5.312
3.019
0.318
6.449
12.349
1.393
5.393
0.162
-0.105
1.075
5.439
-11.044
-4.409
-8.486
-1.265
11.182
-4.349
16.045
9.455
-18.004
0.24
-0.228
-9.296
9.427
1.113
21.139
-1.23
2.338
-1.363
-2.273
9.487
-15.298
3.6
-0.09
3.431
-21.331
-22.086
-7.399
-13.272
-0.307
-6.107
8.509
0.124
-8.025
2.173
-18.541
-15.245
-2.467
-6.235
1.183
0.183
9.01
6.212
3.432
-0.307
-9.498
3.289
-17.502
-2.387
-1.475
-21.059
-0.287
-2.122
-1.509
-5.141
-6.571
0.316
1.231
-3.047
4.304
-5.442
-5.458
-4.208
-2.138
-36.451
-1.032
-3.582
-1.587
5.382
16.296
-2.072
5.386
1.199
-7.438
-15.041
-5.059
2.474
-6.01
-5.553
-5.151
2.295
-5.566
-9.111
3.434
5.044
3.386
-1.564
3.218
-7.037
-4.103
-22.097
-0.235
5.296
-7.097
3.023
8.163
3.532
6.192
5.454
18.037
-1.115
16.284
13.375
-20.071
-16.455
1.245
1.247
0.431
0.084
4.146
8.163
-2.532
-4.364
0.263
-3.34
7.144
-12.091
0.36
4.35
-4.288
3.543
3.445
7.095
-8.003
-6.517
1.579
-15.356
9.249
3.406
3.194
-0.146
2.105
2.597
-8.34
-14.247
0.071
2.202
-8.025
-1.162
3.273
0.379
5.215
5.215
1.584
3.099
-7.5
-2.42
12.157
7.031
6.085
2.093
6.08
-13.473
-6.214
3.598
-2.458
0.122
-0.073
3.285
-0.01
-0.308
-0.355
6.203
-6.499
0.411
0.41
-6.094
2.431
-0.308
2.342
0.176
6.087
-7.3
0.255
-1.515
-0.066
-7.067
-1.438
0.257
3.12
-7.068
-7.017
-0.223
10.511
2.282
-0.035
5.021
-4.116
0.264
9.058
-18.198
-8.096
-1.439
1.416
1.136
1.327
-4.404
3.559
0.244
8.384
6.187
-3.565
3.192
2.581
-6.35
-17.26
2.524
2.539
8.299
-13.446
2.214
2.193
-6.126
2.194
6.008
-17.299
-5.569
0.226
-17.008
3.0
4.09
4.092
4.093
2.524
2.507
2.117
2.122
2.197
2.194
1.087
1.086
2.551
-0.493
-2.527
-3.344
-0.116
-5.182
4.022
17.1
-0.367
-6.124
0.099
-13.509
-0.142
-5.238
1.027
5.568
2.181
4.349
4.349
1.072
-7.135
3.322
2.571
2.441
2.44
4.287
4.287
1.424
-3.409
7.158
3.413
4.529
3.293
-0.366
6.096
-5.062
0.325
4.464
22.418
-5.372
6.142
2.262
2.341
1.519
1.523
11.491
12.349
5.277
1.067
-0.257
-0.252
-6.122
-7.47
0.252
1.523
0.1
-4.419
-4.411
9.095
3.033
4.394
0.325
-5.061
1.108
-0.059
-6.503
-6.51
-6.572
-0.221
-2.153
0.152
-23.116
18.262
16.083
-0.06
-0.408
-1.493
12.437
-0.302
-2.25
5.243
-0.374
-23.391
-3.09
-4.49
-0.405
4.446
-0.055
-0.458
7.117
-0.345
-7.433
10.494
4.534
3.445
0.096
2.162
4.191
3.141
2.597
-0.457
0.514
2.487
-5.005
5.292
-8.134
-6.076
0.487
-0.303
-1.115
15.108
8.43
-3.345
12.474
-20.201
-4.51
-2.144
-2.146
-7.327
2.566
-1.13
-7.138
-0.557
4.019
-0.567
1.053
4.325
4.327
12.087
3.558
3.556
-0.259
-4.169
-6.278
1.289
-6.584
3.301
3.535
9.552
9.319
-0.407
3.212
5.377
2.134
2.138
-6.574
3.071
-1.479
-1.474
0.562
9.285
-6.237
0.095
8.299
10.476
4.143
4.143
12.0
-2.339
2.157
0.054
-1.16
8.232
2.226
-0.35
6.3
-5.309
11.0
-8.025
-1.134
4.143
1.375
7.128
3.11
3.343
3.343
0.073
-3.012
6.01
3.139
-0.455
-19.458
0.585
-1.153
-8.159
12.482
5.06
-7.024
2.202
3.416
-7.303
-0.361
-0.362
-0.362
1.196
12.0
-8.4
13.555
-23.375
-5.356
-8.27
-0.3
-6.443
5.123
9.105
4.354
9.292
6.132
-0.352
1.189
6.029
6.425
1.188
3.269
3.412
3.401
-6.442
-5.245
8.158
0.49
-14.443
4.148
2.547
-1.125
5.515
3.198
4.082
3.23
3.41
5.459
4.364
5.165
3.231
-0.353
3.453
-0.352
7.16
3.478
10.341
10.465
-30.118
-0.227
-8.372
9.363
7.004
11.002
12.545
-19.359
-3.408
0.174
-4.56
-2.44
-3.123
3.569
7.481
2.197
-8.372
3.558
-4.498
0.593
-7.468
3.099
4.347
4.35
-2.162
-4.546
-7.506
5.408
-0.351
1.392
11.297
-1.169
5.047
8.486
6.335
14.195
-2.555
-17.12
-4.085
18.143
2.597
-6.569
1.155
-2.555
3.053
1.3
14.596
0.069
2.239
4.009
4.011
0.58
3.03
5.444
-17.1
3.233
-1.43
-5.563
3.233
-31.34
-7.066
1.229
-0.302
-6.319
13.558
9.382
-10.567
-3.148
-8.06
2.563
6.101
-6.325
3.08
9.072
-18.245
5.388
4.106
5.37
-7.156
-0.36
-4.305
6.184
6.159
-0.177
3.166
6.12
2.015
2.153
-0.091
-4.416
11.037
6.147
-10.03
-2.545
-4.557
7.076
-1.114
-7.026
-1.499
-6.533
-7.024
-2.091
-4.552
-3.063
-4.267
-4.269
-8.34
-5.454
-8.542
-20.234
-10.388
4.121
6.378
6.278
11.112
-20.175
-6.483
2.17
12.036
3.141
6.379
3.454
-5.112
-2.031
-10.356
-6.528
8.566
-6.228
6.537
2.226
3.238
4.451
5.092
9.53
3.463
-2.162
10.221
9.062
1.266
1.27
2.49
-16.271
2.189
1.514
-3.296
1.267
10.334
5.572
11.588
-17.312
4.152
-2.596
-4.399
-3.177
-6.019
8.139
8.327
1.277
2.398
0.243
17.311
5.566
1.51
-3.281
-2.498
-15.172
-10.479
2.492
-4.43
2.063
-2.119
2.062
-5.506
2.04
-2.031
-22.038
9.386
-22.037
9.386
0.184
-2.01
10.099
3.164
2.025
-2.018
-2.51
2.021
-3.58
12.529
-10.398
1.514
1.507
1.041
11.163
-2.522
1.523
3.113
5.376
13.076
-5.251
-2.447
-5.396
12.001
-7.118
2.118
-3.394
-7.248
1.558
12.554
-0.366
5.525
7.109
7.063
3.58
7.296
4.266
-22.544
-3.165
7.32
0.573
7.13
-1.085
17.013
7.083
-1.515
6.446
12.549
-0.269
-10.283
-8.098
1.019
-4.555
-0.086
-2.131
5.093
-5.171
6.149
2.351
-6.378
-15.337
-0.563
3.56
3.554
2.405
-4.245
0.279
4.338
2.293
1.273
-8.129
-6.322
-4.442
13.384
-2.125
5.007
-1.19
1.123
6.149
7.26
-0.002
-1.416
-4.411
-9.514
-14.078
-14.088
-2.18
-9.458
13.267
-3.189
-1.488
3.547
0.278
-3.239
6.278
-2.482
5.366
-4.437
-16.189
-8.429
-5.505
-13.561
-15.154
7.212
7.215
1.493
-3.185
-5.024
1.537
2.001
8.209
1.466
-22.344
1.465
-3.051
1.278
-1.008
-7.053
-7.051
0.378
0.42
0.389
4.215
12.024
2.554
1.425
3.298
-7.289
15.474
-3.2
-5.366
-10.376
3.264
1.463
12.087
-15.445
-0.138
7.177
13.012
-13.142
-13.2
-3.217
15.552
-0.138
-8.322
-8.31
-1.409
-6.534
13.023
-1.382
1.372
-5.247
-6.501
-1.479
-0.224
0.251
-6.515
14.005
13.049
5.597
0.374
6.347
13.195
-6.512
-12.312
-4.593
0.144
7.047
1.368
-15.252
14.386
-8.033
0.348
-10.353
-0.349
-3.058
4.58
6.117
-3.063
9.584
0.06
14.364
1.054
4.194
1.057
-0.481
3.4
-1.117
-1.117
4.101
-4.002
11.346
-0.136
1.314
7.471
-17.272
4.432
-10.153
0.158
-0.562
-9.344
-3.464
-10.037
-16.339
-3.019
2.115
-3.016
-0.447
6.548
12.292
1.21
-0.239
-3.424
-3.592
0.44
-2.139
-4.006
-2.098
-0.026
-3.332
-6.54
14.349
-3.424
15.427
1.104
3.413
0.223
0.323
2.035
1.579
14.393
-2.568
9.571
-3.014
0.107
7.453
5.48
-0.329
2.502
-10.269
-15.409
-10.48
0.336
-4.09
0.336
-1.418
0.399
4.45
-15.582
-0.13
1.522
0.011
-4.096
-1.127
9.312
2.206
3.4
-2.319
3.399
1.05
1.06
-0.331
15.512
2.182
-0.05
-3.322
0.353
2.078
10.29
4.274
-5.337
-4.426
3.596
0.064
4.373
-4.096
1.494
7.599
-5.424
4.261
-2.414
-8.172
-0.088
0.06
-1.134
-18.331
-4.066
-17.465
9.57
2.164
2.196
-4.004
-4.437
0.455
3.049
0.509
-3.587
9.283
0.097
-14.078
4.429
13.197
4.121
-3.051
-0.366
11.33
-0.187
-17.228
-2.243
-17.189
-3.087
15.092
-2.562
-2.563
1.563
-2.416
-3.308
2.144
3.276
1.049
-0.434
-4.574
-1.041
-0.329
-17.161
11.452
2.568
-0.442
-1.586
-0.52
-6.129
1.338
-7.503
1.337
-0.442
-5.423
2.005
-2.222
1.299
-15.271
-1.051
1.521
1.527
-5.336
-8.177
6.049
-5.412
-12.074
-3.391
-6.403
-1.12
-1.18
6.06
9.351
-4.07
6.047
-1.013
0.376
7.518
7.52
1.291
-17.394
3.556
-11.06
-11.056
-11.331
2.113
-11.303
8.365
-2.113
-0.446
-1.066
11.088
-14.142
7.089
-0.215
-9.452
3.16
7.288
-0.006
-0.205
-3.236
-1.567
-0.459
-0.459
17.181
-0.274
1.258
-21.429
-0.257
12.529
3.445
14.059
14.067
-61.342
-13.341
-0.549
-5.285
16.481
4.073
4.08
1.528
10.076
12.194
0.059
6.08
3.032
-14.134
-1.278
12.251
14.051
-5.322
2.493
18.067
0.277
5.327
0.082
0.037
12.087
-14.122
-3.456
7.168
-9.375
1.186
-3.245
2.571
0.237
1.198
4.358
11.377
-2.345
-4.184
-5.147
0.134
0.498
1.122
14.109
-6.54
0.054
-6.033
-20.135
-20.136
-3.327
-2.58
0.196
4.437
4.391
14.371
1.593
-12.507
1.589
22.094
12.284
12.284
1.279
-9.309
13.135
3.447
-4.026
-2.272
-12.19
17.502
0.195
1.254
-0.463
1.05
-23.203
-15.243
-7.552
-5.493
2.067
-7.598
-0.212
16.521
13.571
-15.294
13.054
13.034
-23.206
-2.312
24.051
-0.049
0.142
-1.175
0.145
2.048
3.05
2.433
4.308
-21.376
-0.434
-2.598
-8.41
-1.504
-2.487
-2.593
1.194
-8.412
15.585
-5.527
5.314
-10.493
-21.401
-1.485
-3.297
-3.065
12.111
-11.528
-5.284
-7.493
-5.256
5.271
3.362
3.239
5.003
9.413
9.353
4.265
13.486
4.007
19.594
21.155
1.25
6.115
-4.461
6.116
25.259
-2.102
12.22
-33.139
1.515
-7.045
1.259
-1.472
0.299
-0.279
-6.403
6.132
-6.535
-2.119
7.38
-3.08
4.009
-22.158
-5.196
-22.16
0.089
7.058
-14.089
-6.335
-19.551
7.342
1.417
-6.152
1.4
3.042
-3.022
-19.334
8.377
3.09
-3.274
-0.55
3.512
0.572
0.577
-2.118
5.097
-14.152
-7.521
0.572
-8.13
5.065
-2.296
-0.201
-22.484
0.064
-38.585
-0.115
-0.057
-1.309
3.527
-4.297
-8.39
-0.214
-2.072
-12.012
11.441
18.164
2.503
5.177
2.124
11.02
-2.181
-6.301
-1.187
-4.524
-7.19
1.491
11.12
11.112
-5.37
-4.545
-2.513
-6.366
-0.543
10.225
-0.31
-1.387
8.1
10.539
10.538
-0.484
-1.125
0.004
-17.096
0.4
1.34
-4.231
-1.044
0.304
14.499
-22.442
-4.211
18.255
-1.035
-3.259
3.019
7.054
-21.557
-10.301
1.161
-4.265
13.302
13.305
-22.442
-18.465
-18.466
-13.115
-9.549
0.542
-0.289
-3.257
-0.288
-2.093
1.338
-3.359
13.13
-9.456
5.28
-0.231
-4.577
1.063
-2.195
-4.189
12.294
5.281
6.22
2.196
-1.034
-11.108
3.412
-18.143
-4.191
-5.149
1.528
11.388
11.393
-2.196
0.331
-1.314
-0.322
20.554
-5.52
-5.517
-0.459
4.339
-0.428
8.082
-1.257
-6.569
-0.373
-19.383
1.366
-21.591
-12.291
2.409
3.434
-2.475
-0.387
-0.029
-7.55
-0.242
-3.019
3.403
16.074
1.038
-0.383
0.578
0.579
-1.51
2.274
-0.065
3.438
-0.292
3.438
-2.597
4.173
13.18
3.347
1.094
0.056
-17.254
5.587
3.391
3.537
-2.163
-2.163
2.131
-15.475
10.174
-2.571
-7.108
5.325
16.089
-4.394
-7.054
11.52
5.305
-1.265
5.34
-11.02
14.256
-14.337
0.489
-3.375
12.26
2.188
-2.171
-13.156
-5.597
12.267
0.398
2.344
-2.185
0.038
4.006
-9.554
1.387
-10.08
-2.246
-5.552
11.37
-4.019
5.007
3.145
3.056
-8.51
10.398
11.553
-0.546
11.331
13.397
8.025
-16.382
-0.449
5.149
-2.031
0.035
5.189
3.319
1.275
4.266
-0.048
20.133
-0.013
-5.308
-0.448
-15.239
4.525
0.035
-0.052
12.177
2.15
-7.015
24.49
1.529
12.367
2.345
-5.318
9.253
-0.427
-1.183
9.253
-0.428
-1.51
7.541
1.251
1.177
-2.239
-4.38
4.194
13.048
3.248
3.166
-2.289
-3.57
-11.352
-11.1
1.388
-11.108
-8.239
1.449
3.19
7.429
-7.104
-0.27
1.203
0.078
-18.191
0.515
0.109
-6.248
4.124
-1.288
-2.426
2.532
-0.225
-4.412
8.409
8.407
-0.443
-3.465
2.039
12.317
0.229
1.279
5.153
-2.008
-6.505
2.545
-3.048
-4.406
-0.565
-7.076
3.25
-0.44
-0.184
4.484
-8.551
-4.481
-3.097
-3.102
9.595
-0.594
3.261
3.261
3.372
-6.533
-9.083
3.249
11.363
-2.367
1.388
-7.09
1.553
-0.434
3.198
1.45
11.313
-17.545
1.109
-3.442
1.256
-1.511
0.289
-1.031
-3.351
12.183
4.002
1.395
-0.292
0.075
-1.083
-5.409
-5.197
3.586
-2.107
-1.032
13.199
-3.351
3.572
12.441
3.364
-2.207
1.534
-1.51
6.419
-0.534
3.447
-11.464
3.16
15.479
10.558
3.164
0.289
-1.32
-17.457
1.524
1.364
-3.112
10.512
-6.144
-20.127
-0.434
16.369
-0.166
5.124
17.017
-13.027
-0.144
-4.166
-8.519
-1.512
3.308
12.474
0.125
-6.458
-6.461
-1.467
-16.441
-15.27
2.405
-9.539
-0.214
-1.383
1.463
-6.412
5.005
6.577
14.313
-0.013
-0.247
-2.059
17.419
22.553
0.468
1.283
1.401
2.27
-2.42
0.576
11.253
11.252
4.562
-7.069
2.209
21.334
-3.535
-6.38
1.059
3.252
3.252
-14.1
6.305
4.599
-6.157
-9.547
-0.072
-4.265
1.437
5.274
5.278
-9.316
-12.538
9.499
12.434
-0.115
-1.144
9.193
-8.058
-3.48
5.179
-0.47
14.27
-11.464
24.001
3.023
14.289
0.235
-6.233
5.204
2.061
0.25
15.517
-13.15
-3.567
3.058
-1.318
-1.323
-8.569
9.467
1.159
1.177
-14.139
-6.039
-5.489
10.484
5.061
2.35
-0.58
15.349
-0.598
7.501
0.369
-0.294
-0.294
-1.129
6.597
3.324
-18.254
-17.287
4.128
1.295
-6.533
-0.441
-16.257
4.01
-9.239
6.262
15.019
-6.513
-0.277
1.172
2.009
-0.292
5.098
-15.172
0.197
-8.008
-20.281
12.2
4.25
-8.009
15.539
-10.447
13.507
5.225
-5.09
-4.529
9.408
0.458
-0.296
0.446
0.2
12.261
0.439
-11.422
9.404
11.088
2.354
-3.058
14.226
4.341
-18.196
-10.158
-19.479
8.349
-19.479
1.341
-21.45
4.353
4.359
-8.312
8.146
0.199
-9.491
-1.04
1.264
0.25
0.096
-2.428
-5.03
-2.428
-16.422
6.362
-6.183
2.338
-0.367
12.598
-0.474
20.174
-4.183
-1.191
2.162
0.089
-19.061
-0.424
-3.393
1.076
-1.522
0.442
-14.079
-13.009
-19.217
-10.389
-33.143
3.31
3.366
3.447
3.431
3.446
2.474
1.397
-1.558
-1.535
-3.25
11.505
15.042
11.505
1.147
-10.007
2.501
-14.167
-21.466
-21.465
-0.424
0.213
-1.319
1.436
-14.444
1.188
-16.45
12.051
-2.231
1.187
-4.307
-2.106
-12.524
-8.27
-12.561
-12.555
-7.234
-9.461
-1.064
9.426
1.315
0.058
9.425
-4.436
-3.474
5.353
-4.183
10.504
-0.02
-2.215
-3.587
1.416
-11.139
-2.503
-11.146
-2.055
4.106
4.121
6.391
6.39
0.475
0.508
-3.585
-5.114
4.097
12.02
-7.461
-7.465
-3.355
6.222
1.39
1.235
-21.487
-0.553
0.151
-9.54
9.55
1.421
-13.161
-13.16
14.413
0.35
4.536
0.288
4.536
4.089
4.091
6.551
-22.549
-14.42
14.083
-1.33
-9.125
3.225
1.577
-15.154
-0.438
1.067
6.007
6.215
-6.364
9.348
16.488
-1.162
-5.214
-1.134
1.081
-8.283
16.513
5.246
2.579
-3.341
-3.02
-10.481
-11.538
-2.239
12.111
-21.434
-0.1
-5.446
3.204
9.043
-7.384
15.085
-8.124
-3.563
0.502
-1.183
15.001
12.361
10.311
-3.563
0.256
-3.269
14.586
0.322
4.237
0.034
17.143
0.033
4.267
12.383
3.381
-6.141
0.368
-7.195
8.296
0.342
-0.27
-22.043
-4.273
5.261
-9.553
-3.199
4.16
-4.501
-7.065
5.43
3.271
3.524
9.413
4.54
6.559
5.368
3.338
7.523
20.13
12.225
2.493
-21.42
12.226
5.428
-26.438
1.563
-9.073
11.261
-4.273
22.398
12.272
12.578
-1.083
0.218
4.176
-0.463
3.165
11.15
11.151
14.032
14.038
3.434
7.014
4.594
4.599
0.042
-1.387
-15.37
5.246
4.096
-6.307
3.082
11.022
9.574
-7.368
-7.361
0.362
-7.127
7.312
-20.377
-9.177
-3.475
-11.217
-7.433
3.557
-6.546
-6.546
-8.468
-3.006
0.496
10.543
6.333
-10.158
1.199
-7.426
7.539
7.539
0.376
-3.126
0.408
6.231
0.231
10.191
4.244
-2.311
2.107
1.55
-12.458
-12.466
2.284
-3.537
1.327
-6.582
4.142
-0.443
-3.312
14.512
-3.324
-12.495
0.458
14.502
12.466
14.302
-4.272
5.029
-4.243
-0.061
-7.038
11.195
4.511
-0.235
-1.095
-4.539
1.302
10.0
0.218
5.009
-1.434
-10.385
4.242
-4.367
0.37
10.383
0.584
-7.315
0.369
-3.079
14.418
-4.26
-10.56
9.448
9.445
-6.18
-5.143
-16.284
8.505
11.234
1.415
-7.553
0.019
8.505
5.441
13.23
-0.05
0.552
14.115
-0.421
2.584
-0.056
-4.497
-4.494
-5.228
-0.007
-0.446
3.304
0.447
3.121
3.122
0.377
-6.53
-6.314
15.252
12.195
-9.346
-0.402
-31.584
0.124
7.223
3.518
-2.575
12.306
-13.514
-0.256
10.304
-3.478
5.459
-6.413
-3.478
-0.473
-0.352
0.508
-0.255
-9.432
-7.432
12.386
7.222
-0.274
-1.243
-7.377
22.017
6.119
9.404
-8.455
1.288
-1.532
5.332
13.59
6.089
-2.141
-2.104
-4.272
-14.254
-0.066
12.107
-1.426
2.532
5.361
1.514
-0.51
0.225
1.442
-18.187
12.142
0.376
-25.527
1.077
9.018
-0.463
-3.177
-3.073
-2.396
-1.346
-0.385
-2.473
5.039
12.22
2.06
0.028
-5.307
20.544
-1.468
6.19
3.338
-21.308
-1.117
5.24
1.413
-11.031
-20.498
-2.525
0.584
3.2
20.329
11.522
-0.384
-7.594
20.327
7.426
-0.473
-1.261
2.041
-7.304
0.218
1.465
4.278
-26.432
5.169
-3.396
-4.187
21.07
-19.585
2.017
-0.269
21.077
8.221
-5.352
-0.326
9.299
-6.521
-13.26
2.113
11.056
6.376
-12.469
12.341
21.522
-0.454
-2.473
-26.441
4.322
-17.461
2.143
-0.253
-3.204
4.011
-3.368
-9.253
0.533
12.532
-1.409
-4.58
-8.374
-2.558
13.087
13.086
8.506
-0.406
0.585
-7.253
1.117
4.175
-17.466
2.01
2.009
-3.195
5.048
3.267
5.213
-15.012
-0.111
-3.299
13.178
0.318
-7.482
-5.248
-21.504
4.352
-21.502
0.092
6.099
-2.129
-10.46
-0.111
0.223
7.511
5.328
12.494
12.568
-1.079
6.286
-7.118
-1.253
14.365
18.0
0.023
24.537
12.247
-0.36
24.543
-8.571
4.255
-4.323
0.152
-17.54
-2.264
-22.042
-0.052
0.576
12.171
-0.075
-4.124
12.471
12.47
3.241
1.463
1.463
-18.294
0.162
12.444
-12.192
-12.191
-2.195
17.542
1.155
0.157
-2.202
-15.535
10.037
-1.277
0.202
12.026
1.291
10.334
3.591
5.515
-6.568
-0.597
5.515
15.241
6.202
-10.006
13.24
5.445
-8.213
-7.159
12.371
-0.38
4.06
4.425
-10.162
-6.243
-5.28
3.346
9.349
9.314
-1.173
-3.435
6.146
6.115
6.565
6.195
4.432
-6.492
12.025
3.349
1.591
0.238
12.011
5.381
-9.076
-9.467
11.387
14.426
13.567
-1.111
-1.109
-15.102
-2.337
5.108
15.351
8.063
-0.32
-6.259
0.151
-8.419
3.012
2.182
9.321
-25.112
2.064
2.065
-8.439
5.356
-23.192
1.34
-2.546
-9.086
-12.14
3.199
-25.086
-6.453
-1.199
7.266
-5.262
1.114
-6.562
8.102
3.257
-4.464
22.419
-4.476
-2.222
12.466
-3.342
11.484
-6.561
3.17
-4.531
-3.147
-6.019
23.131
7.546
5.252
4.234
17.354
-8.235
-5.055
5.147
-2.328
-0.096
18.201
1.162
-6.027
-8.099
0.072
5.248
6.007
-2.406
-5.11
5.245
-2.327
16.093
12.026
2.088
7.113
2.306
0.416
-5.079
1.122
-3.133
4.569
3.478
4.547
5.374
-3.281
-2.122
10.05
13.454
6.542
3.566
13.0
10.002
-2.435
-13.13
21.259
2.062
-8.48
21.257
9.283
-24.549
-2.506
3.085
4.127
-4.11
13.104
0.376
4.093
-18.156
-7.378
7.025
5.5
-5.448
-2.386
1.39
2.041
5.475
-6.394
3.037
-1.335
10.456
10.459
-3.094
-6.178
-8.215
-17.277
2.201
-4.242
-3.086
11.301
5.08
4.034
2.351
-7.061
4.181
2.391
1.52
-4.089
2.221
4.002
1.578
3.015
3.004
8.149
-0.597
4.545
4.337
-1.532
2.362
-1.033
8.541
-5.079
-3.255
1.12
5.355
0.383
2.418
13.01
17.037
-8.312
-22.223
-17.284
-6.328
10.562
-0.172
-4.471
17.342
-2.035
10.494
19.419
4.515
-0.149
-2.03
0.284
-1.563
-8.372
3.495
2.436
3.058
3.056
13.459
17.187
-5.354
-11.267
-8.371
4.197
9.478
-0.316
-4.492
-13.045
17.008
-2.357
0.013
-4.492
-0.309
1.116
5.493
-0.124
9.5
-1.07
15.169
16.588
-0.148
-0.344
5.51
-10.583
1.056
-12.028
5.579
-3.238
7.314
-7.025
-6.436
-5.033
1.139
6.324
6.472
-4.053
-10.437
1.337
4.216
1.482
4.251
4.193
-0.177
-3.397
15.447
-0.288
20.308
-2.27
-11.138
1.383
6.378
2.058
0.394
4.174
13.503
10.132
-5.128
-2.496
-10.379
-1.124
-6.537
3.547
0.222
3.485
-9.093
-14.485
-10.407
0.005
11.454
0.004
2.555
-18.1
-3.004
1.135
-23.164
-9.43
-5.173
0.365
7.366
23.415
2.212
-6.116
-14.364
-3.041
-2.129
8.186
-5.002
-6.233
13.063
-2.446
-0.378
0.35
-6.399
14.486
-2.463
14.377
3.093
5.134
0.35
-7.399
9.192
9.193
3.02
1.43
1.43
3.295
-0.12
0.396
11.018
19.286
16.388
3.194
-0.531
3.226
16.379
2.493
-4.21
4.195
0.591
9.328
-2.373
4.219
-10.495
-5.369
5.515
15.499
-4.408
-17.026
-1.318
1.2
4.167
24.121
4.146
-3.284
8.364
-3.487
5.03
-6.212
2.215
3.295
3.294
15.055
-4.121
3.401
-3.585
-13.551
0.26
-7.045
-2.497
-15.151
-2.402
-11.373
-2.412
-4.433
-7.037
4.109
2.392
6.193
-1.336
1.17
-2.507
-2.471
-13.562
-11.44
-2.471
-4.582
-3.497
1.356
2.151
-2.405
0.513
2.53
-5.203
4.304
-3.369
-7.081
-6.347
13.401
-6.458
-0.345
6.026
5.471
-0.042
4.062
-2.368
-13.133
6.435
1.342
12.394
-25.018
-2.411
-3.046
-6.255
-12.302
-7.041
12.125
-6.412
3.506
3.119
3.382
6.305
6.356
16.331
-3.014
-6.15
-0.436
-15.088
11.483
-2.109
-2.494
9.125
-19.05
1.396
5.539
4.115
-26.399
-0.217
-1.455
5.401
17.493
3.267
2.471
2.48
5.11
0.435
-0.442
17.464
-22.376
-22.377
7.233
-15.075
1.389
-21.241
-21.241
13.119
-0.377
2.582
-6.526
1.136
1.457
-0.267
1.459
4.053
-2.362
-3.521
-0.302
-1.468
1.307
1.307
3.223
-9.091
-1.472
-6.398
12.031
3.381
0.04
1.202
0.131
-20.421
-1.438
-10.106
-10.107
-5.389
5.168
0.007
0.544
-6.018
-6.313
-15.053
-0.335
0.405
-5.416
-0.494
3.28
5.43
-2.227
1.229
-1.277
-5.465
-10.302
-8.163
1.188
1.188
15.196
3.008
2.201
-0.351
5.485
-0.357
-11.247
-0.409
-21.277
-0.32
11.344
-0.319
-20.143
-4.373
-7.562
-10.194
0.136
-7.026
-21.461
-2.261
1.48
1.482
0.183
4.533
-10.1
16.14
-12.157
4.261
-9.455
-0.176
14.26
3.361
-7.386
-7.367
-4.11
-5.168
15.35
-5.528
-6.001
16.173
-2.088
3.506
1.413
17.039
12.569
-7.314
-9.152
3.487
-4.384
7.26
-1.325
-1.319
1.266
18.307
1.077
-2.401
20.376
-3.156
-4.271
-6.225
-14.17
17.247
3.159
8.103
4.501
-19.512
2.065
-26.345
5.387
8.078
-3.387
13.425
4.248
-2.297
-14.588
-14.586
-13.528
5.374
-2.329
3.114
-4.059
1.018
5.093
2.238
-4.05
0.587
1.016
-3.594
8.471
11.545
-4.321
-20.448
1.368
3.123
0.096
12.21
-1.003
12.331
-1.412
-1.412
-20.439
-2.201
-3.009
-0.175
-0.409
-1.563
3.507
3.506
3.505
6.139
-7.338
-5.233
13.373
7.57
0.157
-0.137
-15.388
-1.295
1.436
0.45
-11.157
-10.113
-15.111
6.156
-1.124
-4.147
13.316
2.523
-1.032
1.122
1.137
0.542
-5.2
-6.412
13.332
-10.487
-4.521
4.064
4.051
4.052
-3.343
1.221
-0.406
9.004
6.541
6.521
1.216
2.339
1.203
-3.026
-5.228
-11.383
-1.223
16.164
23.545
-25.356
-10.346
-14.109
-13.567
-13.564
-10.086
-13.56
-5.348
-10.331
-5.383
-5.162
-0.295
2.462
1.324
0.07
8.592
7.4
-0.522
-17.412
-3.49
2.321
-7.318
-0.339
2.509
2.509
2.515
2.368
12.21
-1.303
1.085
-3.49
0.376
11.224
11.23
-20.383
-0.053
4.401
1.126
-1.316
-3.521
0.395
-1.225
9.014
-0.414
-3.361
-3.157
0.149
2.061
-14.55
0.258
-16.298
6.559
-5.014
11.395
-4.166
-16.31
3.031
2.069
-1.302
-6.45
11.503
11.508
-1.18
-19.044
4.533
16.597
-2.321
21.318
-5.545
21.319
20.206
-23.224
2.523
2.515
2.061
2.584
13.121
1.412
-6.209
-3.349
-4.339
12.176
-20.151
-20.162
-23.221
3.489
-10.014
8.24
8.24
-21.036
1.083
1.064
4.556
-0.009
4.476
-8.323
2.462
-11.244
12.221
-21.105
-20.141
-20.141
-1.124
17.093
-12.223
6.381
-18.216
-0.186
7.305
-0.187
-18.002
6.102
-13.107
5.377
0.498
1.287
-17.578
4.188
-0.188
-22.372
14.333
-1.578
-16.31
3.104
1.497
1.497
-0.509
1.515
-0.567
10.426
9.006
-13.301
-8.383
2.467
9.535
-8.192
-8.228
3.001
10.108
3.001
2.416
-1.308
-6.524
-3.262
13.012
2.053
2.053
-1.125
1.47
-15.078
6.052
-4.025
-12.307
-0.178
-14.134
-2.587
-2.152
-0.507
12.156
3.132
3.306
-0.443
-15.381
-19.519
-17.185
-19.473
-21.372
3.057
-0.16
3.465
21.499
-10.224
7.086
-1.057
21.525
3.474
3.475
11.3
3.418
-0.279
0.593
-11.26
-1.482
-3.292
-0.051
-14.284
-0.089
-15.034
-6.399
4.209
-18.24
-0.349
-0.143
-6.387
4.301
-18.267
3.56
-0.205
-0.08
21.125
2.239
-0.178
-0.158
-0.205
6.12
-6.218
-0.442
3.545
-3.455
-0.043
-5.166
-0.367
-11.243
1.454
13.557
1.519
1.474
6.203
-19.587
-19.455
-9.243
2.114
-2.381
-9.231
-16.134
6.079
-0.068
3.191
-1.342
-7.274
6.303
-0.09
2.23
-17.256
-17.261
1.452
1.455
1.322
-4.016
3.183
1.48
3.483
8.181
2.155
-0.374
-0.458
-12.027
2.159
2.112
-11.234
12.059
16.253
-10.323
2.515
2.235
2.359
2.478
2.144
1.005
-10.374
16.256
3.295
2.401
2.402
-12.188
8.287
-6.497
6.531
-7.338
2.209
-0.414
-0.413
-15.448
-7.125
-19.491
-19.493
4.013
-2.495
-2.494
12.425
-8.561
5.411
-6.256
-18.119
4.275
-13.362
-0.438
-2.12
12.045
3.207
3.388
12.136
11.135
-0.153
-7.184
-10.225
-7.188
3.159
3.16
-9.494
-10.192
-0.149
-14.06
-8.177
9.07
-4.329
6.15
-7.376
-22.221
-22.221
10.474
-0.484
-0.484
-0.133
1.231
-14.182
-14.261
-13.335
-13.322
3.083
-16.272
5.515
-1.023
-12.038
-1.439
0.149
-8.252
8.577
-23.234
-0.351
9.17
9.102
12.109
-5.184
2.426
2.082
-2.428
-0.568
1.531
-0.351
-14.496
11.419
16.056
-9.45
-14.54
-12.24
-0.509
-15.404
-14.577
-10.293
-10.543
-10.546
4.543
-9.447
7.237
24.281
8.028
-8.416
12.396
7.295
0.498
8.559
3.438
-10.169
16.167
-15.402
-4.554
6.458
-16.089
5.096
2.008
10.174
4.042
-5.196
12.463
-13.47
17.432
14.297
5.238
14.129
11.295
-10.561
-2.168
6.223
17.122
-5.543
10.251
6.226
-25.464
-3.37
-11.517
24.002
14.54
-7.169
7.024
20.544
-23.283
2.053
-5.223
-1.191
-5.209
-3.47
-7.258
4.212
19.077
19.079
3.417
-13.115
-39.131
3.418
-16.565
-1.146
7.439
-11.468
-10.006
11.174
8.134
11.362
6.231
14.128
-7.163
24.017
20.206
2.036
-17.536
-2.303
-11.526
-1.429
-2.171
-2.044
7.071
-0.517
15.18
3.416
-9.575
9.413
-0.067
6.22
-19.143
-2.168
11.312
-1.418
-6.332
-57.244
-1.463
9.345
-2.121
-3.142
-14.18
-21.251
18.54
-57.221
-0.188
10.299
1.36
-3.046
-31.423
1.351
14.227
3.386
19.376
2.265
13.338
-21.103
-20.013
4.191
-0.188
-2.306
-5.399
-7.041
4.253
-2.414
-3.171
-1.199
-5.372
-0.23
6.312
2.23
3.244
8.161
4.542
7.156
6.363
-16.433
7.536
2.239
-14.443
-0.427
4.015
-18.12
-3.382
8.498
-3.034
2.311
3.194
2.247
-0.231
2.13
12.564
0.182
12.024
-0.347
8.332
8.503
2.418
-11.288
1.308
-17.552
-31.269
-6.546
-22.508
3.002
3.305
-7.348
-7.348
4.426
-10.017
6.276
2.512
16.262
-0.057
11.048
15.193
2.311
-2.092
-6.512
-2.238
-8.462
-1.106
-3.003
1.35
-12.437
-22.496
-6.397
-10.447
6.336
-0.26
4.498
-10.027
-9.154
8.545
2.098
2.096
2.04
-2.016
-20.8
-0.526
-7.461
19.377
11.446
13.451
5.509
-17.597
5.211
16.211
15.271
-8.342
-11.502
12.024
15.286
-19.533
1.5
3.185
-2.146
4.356
3.386
-8.395
-17.572
10.279
12.598
-18.235
1.587
-7.375
-0.4
-8.5
-22.238
-9.578
-1.381
-0.345
-2.225
8.513
1.337
15.078
-0.513
3.117
5.303
-6.573
-18.383
6.229
11.35
-1.539
-1.499
-6.141
3.356
13.407
12.115
-13.302
-0.052
-0.398
13.409
1.581
8.158
1.206
12.137
11.107
-16.534
6.126
5.075
5.349
-0.105
2.328
0.38
-1.143
-17.021
0.141
-2.109
-7.343
-2.2
-4.398
-18.186
2.179
2.115
-22.459
6.0
-16.141
-10.058
12.234
12.228
-4.587
0.465
-0.127
10.543
1.505
1.492
0.495
-1.173
-1.22
2.563
1.59
12.537
-24.025
1.57
11.475
5.597
2.252
-0.231
-17.226
4.48
2.17
9.271
0.579
9.27
1.453
-17.113
-0.137
-7.015
0.584
21.34
-10.183
-13.01
3.141
0.253
0.051
4.526
-0.137
0.388
0.562
10.484
-16.472
16.346
10.22
-0.057
11.412
-2.454
11.078
11.324
-8.432
-16.521
-2.201
7.06
-3.52
-3.374
0.523
0.305
9.461
2.029
0.281
2.033
16.128
10.023
6.564
14.102
-0.346
-3.253
3.07
-12.052
5.315
-13.294
-4.57
0.349
-7.429
17.37
0.357
-9.431
1.446
20.154
-2.11
7.019
2.36
8.521
2.559
6.11
-2.219
-11.408
2.438
8.43
-0.203
-8.061
0.094
0.097
-8.06
4.475
-11.355
11.292
-5.454
3.379
2.428
2.419
7.456
9.194
14.03
1.483
9.441
-12.034
2.024
3.489
1.585
1.029
-5.508
3.386
0.523
-0.401
-0.389
-1.303
-0.448
2.564
-3.421
12.046
3.006
11.001
5.406
3.27
5.074
-0.089
3.076
3.488
-19.443
11.267
-2.544
-3.102
-13.252
-16.303
5.231
0.514
-8.401
-2.355
-19.591
-0.35
3.248
-0.261
-3.206
-2.002
-0.399
-2.54
6.375
1.586
-18.195
1.287
-1.167
-2.132
6.539
0.405
-4.336
-14.508
-9.562
6.337
-5.04
10.403
4.235
4.345
0.508
4.344
-2.317
-4.365
-0.592
-8.096
-7.392
-0.307
14.174
2.039
-4.061
2.204
-8.364
1.331
-1.554
-0.408
-1.085
1.437
-31.144
12.281
5.207
-7.241
2.224
5.079
2.074
12.023
6.491
6.076
4.12
4.002
-0.517
-14.476
-6.064
-10.435
-11.233
-11.215
7.061
-5.241
1.235
-5.466
2.066
7.001
9.474
5.205
-9.121
-10.443
2.557
10.591
18.205
-4.314
23.254
-1.115
0.304
-1.095
-1.094
1.148
2.044
-0.289
11.02
-6.584
-2.263
4.195
12.279
2.468
4.19
-3.176
0.194
-1.126
13.299
-6.218
-9.33
5.316
3.418
6.194
7.07
9.532
3.35
3.512
14.255
-9.211
-3.361
3.365
-17.143
1.281
1.019
-10.524
5.423
4.122
7.097
9.282
-2.335
14.478
-6.014
5.388
4.314
1.432
1.435
10.45
-3.55
4.175
14.478
-7.085
2.542
0.228
7.525
9.394
3.492
3.491
-0.418
1.428
-1.393
-0.526
15.327
0.056
-5.122
4.012
-10.458
0.056
2.213
3.384
0.439
-2.391
-2.048
-1.441
3.214
-7.294
2.299
-13.351
0.238
-7.089
2.566
-0.442
5.371
-3.318
3.183
4.108
-19.594
4.108
-1.287
14.474
5.366
-6.06
0.207
0.299
-0.434
-0.434
3.555
-4.274
-12.589
-6.229
1.154
2.263
-10.243
-1.177
-4.405
1.409
-7.333
-19.143
1.252
-6.413
1.222
7.066
12.568
-4.17
-11.347
-1.196
-8.089
-0.369
1.583
11.382
1.583
-19.199
4.175
-4.214
3.058
-2.588
-12.419
0.228
-0.032
1.252
10.371
2.091
-8.418
14.323
-11.318
-2.268
3.496
3.504
3.029
-18.379
-10.073
14.339
-2.557
-19.301
4.194
-19.269
24.275
-2.337
3.029
-8.083
0.108
-7.085
-0.04
11.523
-0.038
10.55
-20.2
-21.236
0.097
-21.227
4.44
-0.14
4.441
4.512
10.474
-0.161
-1.049
2.201
14.302
11.453
3.266
2.128
-5.024
-7.359
-19.263
-0.153
-0.149
11.304
-0.174
12.373
14.516
-0.161
6.593
-8.496
9.562
-7.558
-16.302
16.027
-1.585
17.369
1.177
1.18
-11.218
-7.452
0.145
3.429
-0.506
6.264
2.116
2.125
0.598
-8.305
-5.253
-14.419
-5.222
3.407
-34.119
0.033
1.018
18.488
10.096
10.123
5.381
14.405
9.303
-5.239
-0.339
-2.049
-10.338
-10.336
16.255
-3.048
-3.485
-11.169
8.504
8.2
14.423
-1.197
1.127
-14.599
-3.242
1.022
-8.067
0.556
-0.573
1.143
-0.312
-10.075
-3.43
-3.357
-3.149
2.125
9.414
-0.134
2.52
-6.085
-9.524
-9.521
14.513
2.251
1.004
-6.38
10.032
2.08
-5.484
-5.347
-10.178
-1.106
-3.496
-23.164
4.038
12.106
1.062
23.484
22.411
1.112
-3.25
5.327
-9.084
2.503
1.314
-5.148
-6.041
-4.086
-4.057
4.382
1.089
13.388
1.309
-2.163
-2.222
3.368
3.185
5.4
11.211
-4.025
4.029
-6.557
3.2
11.215
0.336
-5.157
1.316
-4.462
1.596
2.087
-26.46
-6.104
3.309
6.185
-25.084
-8.292
2.091
-3.11
-5.367
4.103
-12.119
1.325
-6.597
4.376
-2.173
-8.052
2.014
0.436
2.014
-0.4
0.368
0.039
3.276
5.068
5.068
0.339
1.42
-0.282
1.419
10.56
-10.378
-9.541
-9.531
-3.122
3.19
22.092
4.512
4.514
-2.427
-0.316
0.147
-18.365
-12.349
6.446
5.294
14.345
9.231
-6.171
-3.564
-0.444
-11.103
-0.268
10.439
2.517
6.411
-12.382
9.479
-10.252
-5.265
-5.575
12.488
9.599
1.475
2.385
-0.309
-6.579
-8.081
9.525
0.543
-0.194
-3.286
-3.006
16.306
0.321
6.271
5.399
-14.02
3.219
3.169
3.169
5.16
-0.405
-6.579
3.461
-7.052
3.183
0.439
2.597
3.207
-8.197
3.228
-0.194
-0.455
-9.031
-3.259
-4.56
3.228
0.454
-15.207
3.285
0.267
9.351
3.285
-7.117
-1.182
-13.28
1.473
3.358
-10.094
11.21
8.01
-8.318
5.079
16.533
-14.283
-7.297
1.194
3.112
3.272
0.356
-6.182
13.013
-20.492
-20.491
-2.274
-14.232
0.247
-0.368
5.573
5.067
2.14
1.144
-8.064
-1.239
6.399
-3.321
-6.286
3.526
0.129
12.306
0.211
-10.498
0.29
7.106
-14.346
6.0
-23.246
-0.044
6.432
-7.419
-0.387
-20.477
18.121
-35.114
3.028
-8.135
-13.405
-0.06
5.562
6.091
6.075
-0.267
-3.579
7.115
14.539
-13.234
-13.233
-9.555
14.188
1.093
2.55
1.093
5.372
-3.047
-3.586
-21.518
3.139
12.453
-7.252
5.169
2.483
-2.47
6.022
13.076
3.384
0.039
-0.157
-13.193
-6.364
3.159
-7.072
-2.142
-13.444
-0.267
-2.587
-10.256
1.122
-4.516
1.224
0.175
0.423
6.264
-0.454
-3.242
5.364
-6.587
1.006
2.021
-11.44
2.018
3.214
4.075
4.078
4.267
4.259
-4.063
-2.346
14.202
-6.215
-11.237
-6.254
-6.185
2.465
8.365
-4.475
1.141
-6.367
0.008
5.53
0.556
-4.247
6.323
-5.3
-0.577
6.451
-3.422
3.439
3.42
2.047
-0.285
-6.342
9.572
-1.46
0.509
-7.466
-0.135
-12.398
12.505
-12.403
10.574
2.038
2.039
-5.302
11.006
3.541
-12.253
1.109
0.007
0.208
0.562
-9.14
7.064
1.309
-19.553
8.411
-20.196
-4.21
-0.561
5.388
-20.197
-6.111
0.125
3.185
-2.336
8.598
-9.143
-10.035
9.224
5.057
2.302
-1.026
-0.101
2.331
-0.373
-0.368
-7.093
-19.516
-2.052
-2.055
-2.468
-0.048
0.197
5.437
3.064
-0.364
10.012
-4.447
17.537
22.093
11.55
5.364
0.171
-5.396
-1.433
0.246
2.351
16.216
7.456
-7.22
-0.309
4.137
-4.183
4.496
2.04
-4.037
-2.029
1.092
-0.282
-7.252
4.327
10.161
2.171
-7.219
10.326
1.015
13.235
1.161
1.015
-10.054
-4.159
3.429
-0.309
1.523
4.436
1.529
4.444
-6.539
2.26
-18.365
2.147
-4.267
-35.119
-0.252
0.363
-10.593
-7.01
-2.12
5.364
-5.422
-0.23
-7.201
-1.533
10.275
22.437
-8.023
-2.141
5.316
-0.286
-33.145
-12.052
8.1
11.23
4.143
-0.222
3.08
1.487
-9.03
5.244
-6.369
-13.343
-7.491
-7.491
1.529
-7.325
-1.116
-0.444
-7.25
-2.01
-7.021
2.47
3.174
1.573
-0.445
-1.4
-4.064
-22.31
-0.552
14.307
3.336
14.384
3.077
4.222
0.04
-0.131
-17.154
-4.209
-17.161
2.517
-4.225
2.144
-19.448
-0.309
-6.186
-9.041
-6.258
2.444
2.078
0.29
0.329
-7.277
15.006
-13.057
2.43
-4.172
3.176
-18.456
5.451
-12.451
-6.265
1.591
-17.476
-18.062
-0.302
-0.198
11.386
29.407
-18.365
4.017
0.022
-6.298
3.076
3.084
3.078
-4.004
-6.006
-16.54
2.321
0.513
4.15
4.491
-4.212
4.226
3.18
2.145
-7.252
0.355
-4.321
7.04
-8.407
14.484
5.074
-0.054
4.032
6.082
-6.134
10.055
-14.261
0.554
0.051
-7.319
-0.354
10.077
-4.429
-23.08
1.579
-23.079
9.133
-2.462
-6.416
-6.068
5.246
-6.252
3.066
3.066
-11.378
-23.373
24.468
-0.441
-17.139
24.47
9.525
-3.416
5.282
-13.187
2.306
4.477
4.402
-3.464
-2.478
-3.29
2.049
-6.527
0.567
10.177
-11.286
-7.425
-3.49
4.474
14.455
4.425
13.291
-24.5
6.437
-2.552
-3.49
16.365
-5.004
3.59
-13.054
12.597
-14.54
10.35
12.4
-0.272
-3.592
0.586
19.383
-12.45
1.365
1.364
-7.015
1.565
7.5
1.126
-2.522
1.053
6.217
-12.379
3.232
-9.421
-0.272
4.193
4.128
-1.083
2.361
2.342
-1.374
-5.127
10.326
-17.176
17.388
-10.35
1.086
1.083
2.109
-16.048
-8.48
3.196
16.221
-3.319
-2.171
-6.221
-1.142
4.079
3.276
7.593
3.461
9.315
-17.001
-1.093
0.477
6.367
-0.115
-1.271
-9.246
6.127
-1.376
-14.312
-0.389
9.018
-6.402
12.448
-7.26
-6.231
3.534
1.02
3.217
20.438
3.514
9.516
-0.258
5.24
-0.281
9.515
5.241
-1.203
-4.363
-2.232
3.568
-15.0
-15.134
-6.226
3.29
-1.477
1.376
1.375
-7.067
-7.317
9.424
-0.432
0.384
3.416
-4.489
1.326
-1.152
2.551
-4.069
21.133
14.386
-3.071
-15.327
-0.421
3.273
3.272
-6.232
11.446
-3.116
8.4
1.035
8.3
8.389
-8.543
-20.325
-2.437
-2.438
3.224
0.581
1.123
3.226
5.176
5.176
-1.168
-10.4
0.217
0.479
5.43
3.097
-3.072
-7.049
13.259
-7.32
2.587
-13.579
4.485
4.483
-4.07
-0.054
-3.256
-1.349
-3.269
8.286
12.529
-3.256
17.33
7.595
-1.554
7.587
-1.551
9.531
14.348
-9.345
-0.212
-7.251
-0.468
0.428
-0.097
-10.491
-3.165
3.404
-0.134
7.138
-8.526
-3.342
-2.511
3.554
-9.497
0.322
-15.231
8.227
-13.086
2.015
2.017
4.199
-13.12
-7.49
2.246
-5.348
-3.069
11.319
10.157
-2.267
9.467
6.045
1.488
-6.381
-6.397
-0.234
2.463
0.298
9.079
11.226
-11.034
-6.455
-11.037
-6.299
-6.412
0.114
1.074
0.564
-1.321
19.598
1.152
-1.049
-5.496
-2.555
3.178
3.564
2.091
3.382
8.372
-1.256
4.172
-6.116
1.011
-0.447
-8.473
-8.311
3.176
-2.055
-7.239
0.19
3.428
-2.155
4.083
-1.038
-0.014
11.518
13.2
-12.156
-0.296
-7.212
-0.168
14.123
-0.091
-14.117
4.029
3.214
-10.211
3.251
-0.424
-55.0
5.272
-0.53
-2.373
-5.252
0.203
-9.473
-3.414
8.22
-4.254
2.396
5.444
-6.39
12.319
4.595
1.567
6.132
3.097
-15.368
-15.371
-1.061
-0.042
-1.062
-1.277
-6.098
-16.417
-0.274
-0.36
2.389
-7.067
-2.1
-1.224
-2.287
-0.265
-1.574
-1.03
-1.026
-0.274
-0.464
-0.458
-2.091
-2.115
-0.312
5.125
-3.292
11.312
-0.421
0.581
20.367
-5.384
5.254
-4.565
0.299
4.354
-0.38
5.324
-2.198
4.508
4.066
4.546
-0.13
7.45
-0.485
-1.183
-3.528
2.59
-0.38
-4.241
-3.302
-9.478
4.5
-4.198
-17.222
6.104
-2.265
4.494
-2.266
-3.528
-6.585
6.528
-1.242
-1.238
5.205
0.227
-0.56
-5.283
6.153
20.378
6.237
-4.207
-5.186
-10.163
-10.402
5.244
-6.553
-7.315
3.329
5.489
-14.005
6.277
-13.597
0.298
-5.407
-0.264
0.438
6.211
3.554
3.552
2.025
3.279
-14.153
0.422
-6.591
-14.154
-4.599
-1.591
-4.363
12.246
4.36
0.134
-2.454
3.191
9.436
4.481
4.481
-3.077
-3.075
1.332
12.367
0.561
-3.08
0.555
1.321
4.167
-14.584
7.577
-2.431
0.271
5.448
-15.37
0.597
-14.384
1.091
-2.301
3.445
-6.11
-9.438
-2.094
-2.117
-1.427
-7.339
-0.503
2.112
-15.309
15.14
6.432
6.432
-6.178
-4.377
-15.106
-10.194
0.437
-1.229
3.384
0.451
0.451
1.017
-16.194
9.255
9.226
18.191
-0.575
-8.09
-0.39
2.366
2.366
-14.173
8.405
12.002
-0.456
6.224
6.425
-4.231
5.065
-4.24
0.202
13.468
1.297
5.03
3.237
-3.452
3.238
0.496
3.048
-11.118
1.457
3.265
3.265
-19.441
5.559
9.319
6.227
-15.318
3.584
3.248
7.124
-4.075
-6.492
21.565
3.005
1.234
-2.095
9.18
3.132
-1.408
2.342
-0.26
6.148
-6.15
3.002
0.5
3.237
-0.387
-0.369
-2.318
7.424
4.084
-7.231
12.204
1.452
3.433
1.008
-8.523
2.322
-14.129
0.396
-1.244
3.036
-2.038
12.34
-10.476
-21.122
1.153
3.003
4.028
-0.26
-4.549
-0.306
6.17
1.272
-3.225
1.388
-3.116
1.387
0.304
3.591
2.137
-0.259
0.276
6.575
2.058
3.114
3.337
-10.467
-0.537
-6.535
5.465
8.36
18.52
1.132
-6.536
-2.537
-13.439
3.247
-0.132
-17.581
-8.123
3.393
2.551
-1.091
1.049
-12.289
-8.189
1.067
-6.588
13.422
-2.567
6.124
-2.344
-1.422
-4.408
-2.094
14.407
-0.014
-5.446
4.486
2.519
3.01
1.181
2.118
-2.31
9.423
-0.003
0.546
8.267
-18.569
4.003
-0.54
23.43
-4.433
1.128
-13.48
1.594
-1.599
-19.298
-19.299
3.561
-2.529
2.436
2.436
-2.336
-18.026
-1.242
-4.267
-1.275
10.571
11.327
11.327
-11.143
3.036
-0.011
16.173
8.449
-15.456
12.391
-5.468
0.552
-5.392
-2.442
3.293
6.278
1.293
7.451
7.451
-2.359
-7.209
-3.212
12.579
11.339
11.34
-1.019
-15.105
14.04
9.187
10.507
14.067
-7.038
-0.301
0.106
0.068
-3.05
-2.011
0.315
8.338
-6.298
2.478
-4.322
8.382
2.545
8.03
7.599
21.572
3.515
-4.427
-4.087
-3.479
-6.53
-9.26
-2.35
1.02
-3.411
-4.457
-3.074
3.491
1.23
-10.294
-0.234
-7.206
3.466
-15.16
-10.013
1.326
-6.593
-1.387
-5.425
-2.246
-6.221
4.305
4.305
1.0
1.087
4.223
2.027
0.505
14.487
5.269
-0.284
4.172
-2.07
-5.03
7.082
6.211
9.542
7.171
4.38
16.343
-25.08
4.439
14.163
1.279
-1.252
-2.267
-3.113
-18.537
-8.406
-7.183
-0.369
29.3
-21.389
-8.073
6.268
-6.542
0.009
17.031
-0.371
-0.37
1.017
-20.408
0.374
-6.485
-7.145
4.574
-1.014
-13.16
-5.425
-5.4
-6.075
-4.42
-4.408
-6.073
-3.518
-3.52
-6.151
-6.097
-8.513
-7.14
-2.399
-7.14
-19.455
-3.138
9.135
-15.474
11.15
-21.564
-0.442
-4.013
5.151
-7.321
2.109
3.036
-0.442
-0.442
-4.415
3.322
-2.505
7.044
-2.319
6.289
-11.394
11.263
-15.37
-4.25
-2.441
-6.134
16.163
-3.056
-7.019
-7.403
6.335
-7.548
4.375
-3.318
-28.408
-3.287
-7.052
-7.016
18.226
-11.446
0.157
-2.129
-4.043
3.466
0.172
-1.423
-0.296
-15.355
-7.176
-2.043
4.319
0.27
10.398
8.39
-4.495
15.17
-7.026
18.213
3.482
0.003
7.276
-12.178
5.163
-15.027
-7.26
11.163
-21.592
-21.57
-1.57
-19.502
-19.498
-3.002
10.372
2.247
-4.036
7.27
-61.384
1.568
-11.416
-23.222
7.172
9.317
-4.532
5.542
4.424
4.444
21.22
-7.553
-4.014
-6.29
9.273
-5.429
-19.193
-10.481
2.3
2.365
-3.011
16.083
17.435
-2.31
-6.366
-6.366
1.273
0.156
15.148
-6.191
-43.268
7.135
4.109
-0.302
4.229
-3.262
-3.262
-6.229
7.022
9.561
-19.136
-5.198
18.525
23.155
9.548
-14.522
-24.535
-4.522
-13.216
0.463
0.463
-19.512
1.462
2.486
-3.413
-10.243
-12.489
4.295
4.295
5.339
-10.385
4.236
9.535
-13.113
-17.369
-17.368
-21.254
-4.103
-7.224
6.221
2.51
9.028
9.38
-5.019
-6.013
4.017
-7.228
13.115
-7.302
-25.079
4.254
-4.541
0.35
20.167
-12.037
3.593
8.054
4.117
-5.391
7.31
-39.122
-3.466
4.402
-1.078
0.037
0.24
11.222
-8.015
-0.197
-4.106
6.154
-6.431
-4.291
-8.132
-3.521
-4.368
11.186
-34.25
3.31
2.41
-2.592
5.449
17.354
2.132
8.134
-6.082
-23.391
-20.236
-6.466
-3.466
-20.477
-18.414
-6.238
-1.083
0.46
5.434
3.058
4.438
4.435
11.058
11.08
15.298
18.003
8.024
-13.194
2.191
10.382
-1.401
3.353
-4.267
1.274
1.157
-10.347
3.154
-22.279
3.155
-6.551
4.522
4.522
2.428
-0.563
6.268
-0.202
-12.017
-2.302
-1.111
-12.007
-18.031
2.504
-0.072
-0.434
13.413
1.147
-11.33
-17.385
-0.181
0.399
-10.141
-9.108
-3.115
11.419
-6.577
-1.102
17.083
4.503
-4.394
-6.577
-7.122
-12.137
-22.482
-6.547
4.496
13.042
5.058
12.434
-15.455
0.0
-0.462
5.443
2.346
3.353
9.066
11.488
1.475
-5.446
4.484
1.266
0.24
-14.045
-3.192
-5.206
2.119
-8.038
-3.293
-2.078
-11.204
2.35
-5.258
-7.585
2.367
-1.077
-15.309
-1.063
-3.129
-2.159
-2.161
-20.482
-0.05
-4.061
-8.258
1.562
5.402
-20.557
-20.571
8.392
-3.441
-6.345
6.575
-4.061
4.237
-2.491
13.505
-10.412
-1.089
-2.23
1.417
1.394
1.394
0.448
-12.003
2.255
0.45
2.256
-1.091
-0.117
0.498
1.287
8.36
1.27
-0.571
5.367
-5.104
-1.077
-9.385
20.294
-3.416
13.541
-8.123
2.542
2.11
-6.331
-2.478
0.187
0.12
-2.102
12.162
5.482
-2.533
-0.069
0.039
0.456
-0.14
-0.042
0.047
-15.164
0.523
-0.003
-10.417
-5.33
-14.285
10.29
-1.188
-0.456
0.242
-5.174
-1.149
-10.34
8.507
8.522
-2.423
0.283
-13.072
-13.068
-7.49
11.317
2.338
10.459
-3.09
5.371
-5.499
-16.527
1.212
-6.171
-15.485
-13.138
2.51
-18.557
-5.111
-4.391
-10.125
0.319
0.006
-9.312
-1.152
0.124
4.303
-19.214
-10.423
-3.454
-4.277
-5.349
-2.241
5.422
-4.157
-4.129
-0.034
-0.433
-1.289
5.554
4.091
-7.597
5.159
-0.426
13.123
-13.323
2.25
2.023
-4.312
1.014
1.026
-1.142
-4.061
-1.228
2.305
5.439
-3.398
-11.365
-0.189
-0.238
-0.122
0.126
26.594
-2.16
4.564
-7.128
9.485
-9.595
-5.135
18.22
3.015
3.563
2.05
-3.411
-6.125
-2.103
-8.463
-8.455
3.349
-5.419
13.294
3.507
3.267
-9.374
2.053
6.078
6.484
3.06
3.198
-22.243
4.097
-8.272
-18.151
0.447
-1.171
-1.171
-10.23
-11.031
-11.521
-9.551
-14.44
0.173
3.137
-9.258
-15.447
-23.185
-19.484
-19.277
-0.103
-2.077
7.292
-2.093
-0.468
6.546
0.346
0.156
-9.484
3.517
-0.462
-0.074
7.085
3.222
-22.554
-22.563
18.269
-8.212
13.168
-0.104
0.313
-7.176
-7.385
-8.403
-4.419
3.369
-7.105
-2.127
-18.186
-9.018
-5.052
-6.009
-6.009
-9.404
-7.089
3.566
-1.06
-1.443
-6.593
-14.37
-8.372
-22.573
-6.235
6.303
10.4
2.457
-4.532
9.599
-6.114
-4.208
-1.427
3.399
-1.055
0.342
-1.082
4.248
4.183
9.359
9.3
5.208
15.443
4.33
16.395
-20.165
-2.377
5.462
0.203
-11.041
7.505
-2.419
4.16
3.462
-3.474
4.186
4.139
1.275
0.2
3.57
5.11
22.061
22.063
-17.102
-14.289
-3.162
0.42
10.382
3.186
-14.29
18.148
-24.106
-4.527
-2.39
-4.477
8.035
7.468
2.069
-0.405
-20.212
-6.592
3.113
0.273
5.215
-6.269
-3.114
-3.229
-1.507
11.453
11.449
4.228
12.037
8.037
11.016
3.525
2.508
11.434
10.024
-13.132
-3.492
7.24
-3.325
-13.128
19.369
0.417
-4.539
0.416
-2.357
-17.408
-7.5
5.357
17.084
12.137
12.135
4.47
-6.058
-22.144
1.562
-8.107
4.47
1.551
-17.302
-3.266
20.126
10.047
-9.527
7.57
-20.485
-17.23
-1.117
8.551
-17.246
-3.596
-3.597
1.314
1.339
1.338
12.314
12.313
10.26
10.259
17.117
12.265
12.266
1.284
0.022
9.291
5.307
12.2
12.2
-8.51
-19.503
22.059
6.215
4.244
22.059
-8.438
11.206
-0.311
-8.371
-7.524
2.497
20.558
-10.105
-2.333
12.436
-3.162
12.084
12.084
19.197
5.406
5.402
6.131
-3.389
8.531
-9.528
6.515
4.257
-0.404
1.248
8.267
-17.089
18.453
0.527
4.249
7.277
21.555
-0.459
0.434
-5.076
-8.409
9.379
-5.104
0.19
-3.457
7.219
-3.448
-1.584
10.493
21.14
0.569
0.571
1.11
0.264
12.195
11.155
-2.074
-5.06
-4.47
-0.462
-23.548
3.167
-2.377
0.195
13.084
13.078
9.171
-12.029
5.152
17.025
-27.474
-6.376
-6.378
-17.563
-2.195
16.314
17.02
2.039
16.498
12.234
-5.425
23.593
14.226
9.003
-1.186
20.46
-6.17
-2.152
-1.047
-6.561
-20.189
-6.549
-3.129
0.195
3.0
-2.344
11.118
-15.08
-15.087
18.209
-17.149
-12.05
-6.549
-17.428
20.069
1.598
-5.486
-3.592
21.105
6.154
2.475
-6.256
13.254
1.488
-0.104
-5.398
-0.574
0.161
18.12
24.028
2.361
17.405
-1.469
-7.319
14.131
-7.231
-9.051
-2.124
3.578
7.584
15.298
18.025
-16.026
-18.168
4.133
4.152
-7.543
-8.07
0.538
22.42
-6.004
-8.248
-5.542
-9.494
12.128
-27.225
-12.114
-8.252
-22.292
18.445
-19.236
-19.332
15.254
-17.52
-2.034
-1.586
19.031
-1.43
6.44
3.464
16.114
12.277
18.298
-12.0
-7.386
24.393
-10.316
-43.219
17.508
-21.259
23.093
-6.315
24.567
6.484
-25.531
8.554
22.295
14.09
-10.313
16.507
-3.023
-8.497
4.142
-8.271
-1.45
-70.406
28.402
-8.49
-12.276
-32.275
-18.382
-19.446
23.474
-32.257
-19.35
1.161
27.434
-12.47
-16.515
-0.456
-20.3
-6.016
-20.206
-21.264
0.112
-1.485
-0.024
-8.005
-22.011
21.022
-19.014
-0.12
-6.363
-22.264
-3.141
-3.24
-25.388
-2.302
-46.537
0.539
18.144
-38.17
-15.162
20.128
-21.071
-7.517
17.03
-6.114
-2.326
11.327
16.539
4.47
18.186
-5.452
-28.245
-23.391
16.557
4.506
-6.02
-14.377
-11.584
7.396
5.177
-0.575
-21.387
-26.449
-8.401
-23.118
14.486
-16.326
-7.015
-7.191
-22.59
11.125
16.283
-12.552
-5.59
-2.078
-10.049
-2.104
-16.449
-20.068
-14.008
-14.542
0.182
-2.029
-8.46
-21.413
-2.578
-15.317
-3.42
4.244
-8.447
11.441
-9.433
3.029
0.392
-2.101
-6.533
17.546
-2.082
7.107
26.393
15.137
-6.595
20.311
-7.001
-0.574
-13.4
1.09
11.422
29.398
19.368
5.139
18.19
-3.158
-10.211
-15.384
-11.248
-22.157
18.516
-23.074
-23.074
-16.502
7.45
16.309
-7.171
-5.487
23.586
-17.551
1.336
15.121
-19.165
-3.027
19.426
8.549
-21.078
-19.595
-23.4
7.578
-31.332
-17.578
-4.419
-18.182
-6.125
0.372
17.16
-16.076
-13.524
-7.377
-10.3
-8.0
12.507
-18.359
2.536
18.18
-10.527
-6.171
-43.166
-7.017
2.007
2.007
31.567
3.568
-9.528
-12.573
-15.157
-7.464
-29.286
-17.42
4.061
-5.289
-4.339
-14.244
-10.176
-25.576
-12.108
-10.512
-21.378
-20.23
-20.229
-6.465
-3.282
4.179
-10.157
-16.36
-15.022
-23.006
-34.275
-12.423
-6.326
11.398
-7.242
-13.345
-25.569
27.0
18.209
-9.313
23.13
-12.573
11.041
11.042
4.164
-22.178
19.207
20.134
-7.022
-9.3
16.352
12.191
-12.37
20.466
-19.064
-1.048
-6.165
-36.14
23.436
20.057
-8.542
23.574
-7.259
-19.147
-11.302
16.1
21.02
22.362
17.412
-19.38
-15.358
18.169
7.398
12.378
-1.338
-23.395
-20.209
-4.079
-19.172
-10.189
-6.489
8.599
18.337
2.551
2.553
2.554
21.054
20.479
-22.448
19.33
-6.487
18.039
-20.478
-18.373
5.177
-6.452
-14.171
10.454
4.51
16.033
21.235
15.419
15.446
-16.59
6.291
16.41
2.405
2.406
1.506
4.228
4.267
2.539
2.095
0.074
-2.105
7.31
-1.312
0.418
1.204
2.539
1.255
1.422
1.429
-4.558
-8.568
0.281
-6.1
16.135
-6.586
-1.43
7.195
-3.231
1.507
-4.469
2.24
-10.234
1.493
-15.052
-14.255
17.533
0.161
-7.539
-7.221
16.442
-0.089
-0.089
-15.165
16.486
21.037
-3.584
3.333
24.599
-6.404
-6.369
3.332
-8.482
3.281
3.223
8.348
27.57
7.252
-7.572
4.268
-9.508
-0.14
-10.007
-4.288
4.116
-15.232
2.17
1.503
6.519
-8.451
-5.455
144.274
4.32
-3.319
17.029
-5.106
17.03
-21.076
7.0
-3.056
2.24
7.558
-9.446
21.025
1.415
23.263
-0.088
24.166
4.559
3.228
-10.154
7.476
-10.136
-8.167
2.544
-7.432
16.273
-7.433
-14.56
-19.11
-7.425
-2.592
-14.582
-2.594
-15.117
-15.073
-1.163
-5.423
3.584
0.427
-3.077
0.277
2.047
-0.582
3.285
-0.576
4.482
6.31
11.365
144.431
-4.24
2.306
-7.11
-7.103
-7.062
-19.095
10.283
-3.18
-19.58
-0.552
5.176
3.079
2.253
10.399
-2.356
10.379
-5.3
-1.344
-3.093
-22.449
-10.339
-8.494
-0.214
12.159
-7.058
-149.447
12.208
-18.3
19.337
2.216
-5.303
5.154
-7.343
4.014
-10.173
3.025
5.556
4.177
0.556
2.18
-2.102
-1.511
-15.113
10.49
-20.49
2.525
5.176
18.242
5.302
2.237
3.536
4.511
-7.006
143.331
4.149
0.281
4.209
4.18
4.197
16.468
12.128
20.398
20.109
23.594
-16.576
-11.251
16.166
-20.013
-1.505
-19.394
-1.313
-9.023
-10.22
4.418
-2.023
-1.318
-1.282
16.463
-11.58
-7.237
-20.467
4.097
