2005.0
2785.0
836.0
2625.0
2700.0
3066.0
2230.0
57.0
379.0
136.0
996.0
166.0
282.0
233.0
358.0
536.0
1857.0
192.0
1000.0
35.0
550.0
1636.0
3717.0
2982.0
23.0
1082.0
968.0
3041.0
1788.0
210.0
1962.0
85.0
67.0
499.0
120.0
332.0
253.0
370.0
13.0
23.0
370.0
10.0
1394.0
325.0
778.0
39.0
28.0
357.0
140.0
3501.0
1411.0
1839.0
3150.0
2690.0
3117.0
20.0
52.0
236.0
170.0
65.0
2126.0
43.0
935.0
284.0
1840.0
3013.0
3790.0
460.0
280.0
112.0
384.0
686.0
46.0
504.0
758.0
535.0
100.0
1480.0
446.0
232.0
515.0
49.0
433.0
1841.0
1909.0
27.0
30.0
168.0
2145.0
3164.0
6452.0
360.0
26.0
312.0
76.0
150.0
2279.0
1213.0
492.0
74.0
20.0
270.0
145.0
54.0
180.0
1460.0
741.0
79.0
1145.0
1182.0
148.0
59.0
423.0
250.0
121.0
4130.0
1620.0
1121.0
2267.0
133.0
1723.0
200.0
90.0
3396.0
1325.0
325.0
505.0
412.0
1184.0
75.0
743.0
490.0
198.0
170.0
57.0
311.0
2516.0
365.0
783.0
218.0
150.0
135.0
2270.0
784.0
1890.0
56.0
86.0
2513.0
1432.0
30.0
87.0
39.0
1168.0
38.0
3419.0
43.0
3119.0
10.0
71.0
935.0
79.0
191.0
7237.0
24.0
1494.0
1317.0
354.0
33.0
5659.0
499.0
64.0
164.0
1021.0
804.0
2012.0
1283.0
750.0
1480.0
404.0
3360.0
115.0
181.0
543.0
1946.0
46.0
89.0
1607.0
1730.0
440.0
2970.0
195.0
1010.0
238.0
2119.0
200.0
971.0
2320.0
771.0
574.0
20.0
22.0
282.0
133.0
13.0
27.0
1990.0
2088.0
343.0
1000.0
4793.0
351.0
3455.0
876.0
2093.0
