19.011
0.011
1.008
1.008
2.007
2.011
0.011
-1.011
-4.001
1.001
-3.007
3.001
1.007
10.012
4.007
13.001
7.001
-18.007
8.007
-7.009
12.001
-22.007
-15.001
-4.004
9.008
17.001
-10.002
7.007
-7.003
3.007
6.001
5.006
6.003
-5.007
7.004
-5.001
-10.005
5.001
3.009
-2.01
-9.004
0.011
0.011
-2.007
8.001
-6.007
17.001
0.001
-7.011
11.001
-7.01
-7.011
0.007
8.007
-6.011
-19.007
21.001
13.001
-7.011
6.007
-13.004
1.01
-4.007
-1.001
2.007
0.007
6.012
1.011
2.001
4.007
-5.007
0.007
6.001
-1.006
1.008
13.001
20.001
3.007
11.011
5.007
-3.007
-5.011
0.001
-8.001
2.007
-3.007
1.007
-2.007
1.007
25.001
3.007
-1.007
-3.007
3.001
27.001
5.007
-13.007
9.001
7.001
7.01
0.007
-5.012
-4.001
-7.002
-6.001
-7.001
7.007
-3.007
1.007
4.001
2.007
-10.002
-5.007
4.001
3.007
12.001
3.005
-1.007
3.001
7.007
2.001
-12.004
-19.007
5.007
2.001
4.007
0.007
3.007
-7.001
2.007
19.001
2.001
7.001
-7.007
-14.007
0.003
-17.007
-1.007
7.007
-9.001
1.007
9.001
-6.006
-18.001
0.007
4.007
2.001
11.011
-2.007
16.001
1.001
-2.007
-8.007
6.002
3.001
3.0
7.001
11.007
0.001
2.0
-1.001
-4.001
16.001
0.007
5.001
2.001
-14.001
-16.907
3.007
2.007
1.001
-11.001
13.007
0.009
18.001
2.001
-1.007
-3.007
-4.007
4.001
8.007
1.007
-5.001
1.009
-1.011
0.011
-2.011
-2.011
0.011
-1.011
0.011
-1.011
-1.001
0.011
0.007
15.001
-4.001
-18.007
4.007
-15.003
-4.007
0.011
4.009
0.009
4.001
-14.001
1.007
-4.012
-12.001
-21.007
-8.001
-5.007
-19.007
-7.001
-8.001
19.001
-7.002
13.001
4.001
-2.007
8.001
-5.007
-19.007
4.0
4.001
11.012
4.001
-11.007
-13.007
2.007
0.007
25.001
-19.001
-1.007
11.012
3.007
-5.001
9.011
-8.007
0.007
7.007
3.001
7.001
29.001
2.007
-3.001
15.001
11.007
3.107
14.001
-2.006
-12.007
12.001
-1.007
1.001
-1.001
11.001
2.001
4.001
8.004
28.001
0.007
20.001
12.001
0.011
0.011
3.007
-6.001
6.001
-8.007
-4.001
2.007
1.007
2.007
4.012
15.001
-3.001
-11.001
14.001
6.007
1.007
0.007
-3.607
2.007
3.007
-19.007
-3.007
-2.007
3.001
-17.004
0.009
0.011
11.007
0.007
-2.007
-11.007
0.007
7.001
0.007
1.001
-3.007
-13.007
7.001
0.001
-4.001
1.007
-7.007
-3.007
17.001
0.007
2.001
9.007
-5.007
2.001
-16.001
16.001
16.001
-4.001
0.011
1.007
1.007
7.008
-1.001
-10.01
3.012
17.001
13.012
2.006
3.004
13.001
5.001
-1.011
-8.007
3.005
9.008
-20.007
-19.007
0.011
0.007
0.007
-9.001
3.807
25.001
-2.007
2.007
1.007
16.001
3.007
-4.012
0.007
1.007
-7.011
21.001
-2.001
0.011
1.003
1.011
6.001
0.011
27.001
-15.004
16.001
-3.007
13.001
-2.007
-5.001
4.007
0.001
-8.001
3.007
2.007
3.007
7.001
0.011
0.007
-1.001
-4.007
2.501
-13.007
17.001
8.001
0.011
10.009
1.001
0.011
8.012
2.001
11.001
-11.002
14.001
-6.001
18.001
6.01
14.001
-2.007
-6.001
-4.011
18.001
0.007
-1.011
-2.001
1.007
3.005
2.007
-14.001
-4.0
0.007
9.007
0.007
-1.007
3.002
2.007
12.007
-2.007
-4.007
-5.007
-10.007
1.001
-11.007
0.009
0.007
20.001
-3.007
-2.011
-13.004
-3.011
-2.011
17.001
-4.007
-1.001
-10.001
2.008
14.001
1.007
16.001
-8.007
-9.007
-1.507
9.007
13.001
10.012
0.011
19.001
-14.001
11.006
3.001
14.001
-10.004
-4.001
11.007
-6.009
1.001
-19.007
0.007
-14.007
2.001
-4.011
11.007
-1.007
23.007
-9.011
14.001
1.011
-3.011
8.007
1.011
0.007
-7.011
-1.011
-7.011
8.007
-5.001
-3.007
-14.007
-2.011
0.007
-2.011
16.001
5.001
13.001
13.001
2.007
-6.002
-1.307
-2.007
-6.007
-3.007
11.001
-6.011
-4.001
0.007
11.001
-1.002
15.001
-12.002
1.007
-2.011
8.008
-3.006
-3.004
0.007
-5.001
-2.007
0.007
15.009
-12.007
-3.007
12.001
5.001
3.001
-12.001
0.011
1.007
0.007
9.007
-2.001
-19.007
-3.007
-20.007
3.001
-1.007
12.001
-3.007
5.005
13.001
-3.207
14.007
19.001
-4.004
0.009
8.01
-11.002
-15.001
-8.007
-7.007
9.012
0.007
3.007
-10.001
5.002
-18.007
0.007
16.001
-4.006
6.01
3.007
-3.001
-3.001
-11.001
-18.007
-7.007
-3.001
1.007
-8.007
9.008
8.007
7.007
1.001
8.012
-6.001
8.007
0.012
17.001
-16.007
-3.001
-1.007
-3.007
-3.007
-4.011
4.002
-6.007
0.007
-13.001
-23.007
-7.001
-2.001
9.007
-6.007
9.008
-10.007
-8.011
2.011
12.001
10.009
1.007
-2.011
8.007
9.011
4.001
-7.011
6.006
-4.001
-9.001
-22.707
8.011
3.005
18.001
10.001
19.01
6.009
11.007
11.007
-4.011
-5.001
-10.002
-18.002
13.001
-3.001
1.007
13.001
3.006
-11.007
15.001
-1.007
0.007
15.001
7.001
2.007
-6.001
4.001
0.007
0.011
-6.007
4.011
2.001
2.007
5.006
6.007
3.005
2.007
12.001
-1.001
4.001
15.001
-9.001
-7.007
-5.607
-1.001
8.01
1.001
5.001
1.007
12.001
9.007
11.001
1.007
-3.007
1.007
0.011
-7.011
6.001
0.007
9.006
-3.007
2.007
0.007
9.012
3.001
-4.011
12.012
-1.011
-1.007
14.001
-1.007
-3.007
2.011
-4.007
-1.007
-5.001
1.009
-8.007
0.007
-7.0
3.001
1.009
7.012
20.001
5.001
3.001
18.001
12.002
12.001
0.011
3.007
19.001
-22.007
2.001
15.001
-11.001
4.001
-3.001
-7.011
2.007
1.007
0.009
0.009
-9.001
3.007
2.001
-3.007
-12.001
1.011
13.007
10.012
-1.001
-10.001
0.007
1.007
0.011
14.001
2.009
14.001
17.001
18.001
7.001
16.001
5.005
7.001
-4.007
11.011
2.001
-6.007
9.001
13.001
0.009
-1.007
14.001
-3.007
7.001
-3.007
11.001
0.001
0.007
7.001
-6.003
4.007
3.001
8.007
-7.007
10.001
19.001
4.001
17.001
-2.001
-7.001
-7.001
11.007
21.001
-3.001
8.011
-5.001
15.001
15.001
-1.007
-14.001
5.012
14.001
-2.007
7.001
26.001
-4.007
2.007
-7.001
15.001
8.012
0.007
-5.007
14.001
7.001
21.001
-2.007
0.003
12.012
-22.007
12.011
0.001
0.001
14.001
-9.004
7.001
-8.001
8.001
25.001
9.001
-17.001
16.001
4.001
14.001
27.001
-9.001
-5.007
7.001
-2.003
2.001
7.001
21.001
-1.007
-1.007
-3.007
1.011
-5.007
1.007
4.007
-6.002
1.01
4.007
-6.005
4.007
2.003
0.001
4.003
13.011
-6.001
-5.007
0.007
10.007
7.001
1.007
-10.002
12.001
-9.002
2.001
20.001
1.007
3.001
1.01
3.001
13.003
-3.007
4.001
-8.002
12.012
-8.001
1.001
-5.007
1.001
-4.007
3.007
11.011
0.007
-2.001
28.001
-6.001
1.001
9.001
-4.001
-2.0
14.001
18.001
6.001
12.001
-8.001
-5.007
-5.007
-4.003
0.007
5.001
-4.005
-3.001
16.001
6.001
13.001
15.001
-10.002
-2.007
19.001
-7.011
-6.002
-9.001
-1.007
1.009
-3.001
14.001
0.001
-4.001
-3.001
-2.007
-4.007
3.01
-3.001
16.001
-21.007
2.007
16.001
-15.001
-2.001
-7.011
-6.002
7.001
5.006
-13.007
-13.001
19.001
2.001
-12.007
11.001
-9.002
17.001
0.007
-9.307
6.004
0.007
7.001
0.007
-9.007
9.001
1.007
7.001
11.012
13.001
-1.001
-5.007
-10.007
-7.007
5.001
-6.011
-2.009
6.01
0.001
2.006
5.001
3.005
31.001
6.012
0.007
2.001
10.001
-2.007
23.001
13.007
-4.001
-5.011
-3.007
2.007
3.007
-4.007
-6.007
3.001
1.006
14.001
-13.007
-19.011
12.001
11.001
-3.001
15.001
2.0
5.004
8.011
-14.001
-7.707
-1.007
-9.001
1.001
21.001
-1.007
3.007
0.007
6.001
17.001
9.001
-14.001
15.001
-7.011
-1.011
0.011
7.008
4.001
-2.011
-11.004
0.011
-22.007
14.001
-4.007
3.004
-2.007
0.001
-3.007
-1.007
1.007
-8.011
-3.007
28.001
10.011
12.001
4.001
16.004
13.001
-6.001
4.607
3.007
0.009
16.001
-11.007
-12.107
5.01
6.001
-4.001
7.007
-7.007
-18.007
1.01
5.007
2.007
-14.001
1.009
-6.007
0.007
2.001
6.001
4.001
1.001
12.007
1.001
-1.001
-1.009
7.005
7.012
-1.001
2.007
-6.001
2.007
1.007
20.007
0.011
-8.006
0.001
-3.003
-8.011
16.001
10.012
10.007
-8.001
1.011
-1.007
-6.007
14.001
-4.001
-2.001
5.007
-1.001
-6.001
16.001
0.011
-3.807
-12.007
-11.002
2.007
2.007
-2.001
0.007
3.001
2.001
-5.007
0.007
1.01
3.001
13.011
1.001
-10.002
14.007
10.001
14.001
-16.011
-6.011
-2.001
-7.001
-7.001
-3.011
11.001
14.001
1.007
-2.009
2.009
8.012
15.001
5.007
2.001
3.001
-13.001
2.007
3.005
-7.011
12.001
-7.001
-8.011
-1.011
12.011
0.011
-1.011
18.001
2.001
-1.001
14.001
-4.007
2.007
-5.007
-7.011
8.001
2.007
-3.011
-7.001
3.001
0.007
16.001
-3.011
-3.011
6.001
1.009
8.007
-7.011
7.001
9.001
0.009
10.012
11.001
3.001
3.007
-4.001
9.011
20.107
0.001
-11.001
11.001
-3.001
17.001
11.001
0.007
11.011
24.001
10.001
-4.001
0.007
4.001
2.006
16.001
-8.011
-6.001
19.001
-2.001
5.012
4.001
0.001
0.001
2.001
7.005
19.008
-3.005
-3.011
-5.001
-13.001
-8.001
0.011
0.007
5.008
-1.011
8.011
20.001
-1.007
-21.001
0.007
-11.001
12.012
-7.011
9.001
2.008
7.005
15.001
-13.001
-3.001
16.001
-8.011
-9.011
-1.01
-7.011
0.001
15.001
3.001
10.001
-9.002
17.001
7.001
-10.001
5.008
-4.007
-8.011
5.005
7.001
15.001
8.008
9.001
-1.001
4.001
0.007
15.001
-12.004
18.007
-12.007
-6.002
0.011
17.001
0.011
12.001
1.001
-3.011
2.001
3.501
-7.011
0.001
18.001
0.007
16.001
4.001
-7.001
3.001
18.001
0.007
20.001
-7.011
0.007
0.007
-2.001
1.007
16.001
3.007
-16.007
11.012
6.001
15.001
-7.001
14.001
-6.001
0.007
5.001
14.001
0.007
-3.007
0.007
12.011
6.001
-2.507
-4.001
7.001
8.001
12.001
3.001
-5.001
-5.001
1.001
2.007
-8.007
-10.001
11.001
-1.007
13.001
-7.011
1.001
1.011
-7.011
0.007
7.007
3.007
-14.007
13.006
0.011
5.001
1.007
-6.011
3.001
0.007
2.001
-6.011
8.012
11.007
-6.011
1.0
-7.011
2.007
6.01
-12.001
-5.001
0.011
-7.001
0.007
0.011
0.011
0.011
2.011
2.001
15.001
0.007
10.001
-1.007
15.001
7.007
-1.007
27.001
0.007
2.001
2.001
4.0
-3.001
0.011
-6.002
-17.007
-4.001
2.007
-4.007
-2.007
3.001
3.001
-8.011
-5.001
-1.001
1.007
-4.011
3.007
-8.011
2.007
2.001
-8.011
-1.001
3.007
2.008
2.007
-3.007
6.011
-6.011
0.011
0.009
0.007
-7.011
-7.001
3.007
1.007
1.007
-6.007
-19.007
2.001
2.801
2.007
1.007
1.007
1.007
0.007
-6.011
-13.007
-7.011
2.007
2.501
1.007
10.001
-8.011
0.009
2.001
-7.011
0.011
0.007
-2.011
0.011
9.007
3.001
-1.007
2.01
-1.011
-8.011
-7.011
3.207
3.501
4.007
-7.011
8.001
0.007
6.001
9.007
-8.011
-2.007
1.008
1.007
-7.011
2.007
2.007
-7.011
-1.011
-1.011
0.007
5.01
3.001
-5.007
8.007
0.01
0.007
-3.001
3.007
4.007
0.011
2.007
0.007
3.007
1.001
-9.011
-8.011
-6.012
7.011
-6.007
-1.009
13.007
0.007
3.007
5.007
-18.007
3.007
2.007
-6.011
-6.009
0.007
-2.007
-7.011
-7.011
-7.011
-6.812
-4.011
-6.011
-7.011
1.007
5.007
1.007
12.001
0.007
-14.001
1.001
-3.001
-5.001
0.007
-21.007
10.001
0.007
14.001
15.001
11.007
0.007
1.001
9.001
15.001
-6.007
12.007
4.007
11.012
1.01
11.001
0.007
11.001
5.007
0.011
-8.001
0.003
1.001
5.001
-3.007
3.007
-3.007
7.001
0.007
-5.001
17.001
3.001
-6.001
-13.007
-7.007
-6.007
2.007
-15.001
7.007
1.001
2.011
13.001
1.001
2.007
-6.007
-5.001
-10.004
5.006
3.001
12.011
-16.004
-12.0
1.001
-3.007
16.001
-6.007
14.009
15.001
-7.011
-10.002
18.001
-3.001
2.007
11.001
17.001
2.007
-1.011
-5.007
5.001
-2.001
1.011
-2.011
-2.002
5.001
18.001
-4.011
19.001
4.001
16.001
0.011
8.012
0.011
-14.001
0.007
-3.007
10.007
7.001
2.007
2.007
17.001
-5.001
6.007
9.001
-8.001
-1.007
0.01
11.001
0.007
8.008
-1.007
-15.007
-3.001
2.007
0.001
-1.011
-3.004
-3.007
-1.011
0.007
0.007
9.012
7.007
4.001
-9.002
-10.007
-1.007
2.001
-2.001
0.007
-2.001
15.001
0.007
14.007
-7.007
21.001
10.007
13.007
-1.007
8.004
1.009
0.007
13.01
-7.007
-1.007
1.011
28.001
12.011
-8.001
15.001
-2.001
-10.002
1.01
-8.001
-3.007
17.001
-15.001
15.001
-1.011
-1.007
3.005
-3.007
-1.007
-5.001
-7.007
8.012
1.005
6.007
4.001
-21.007
-7.001
-13.001
11.012
1.011
-5.001
1.0
3.001
0.001
-6.007
3.001
7.01
6.001
-6.007
2.007
-3.007
-1.007
4.001
-6.007
3.001
-3.001
-10.006
-7.011
1.009
11.007
-5.001
-3.001
0.007
14.001
10.007
3.001
17.001
-4.001
23.001
5.001
8.001
6.001
1.001
13.007
-18.007
-7.007
0.007
0.007
-5.007
-2.011
6.001
6.011
-4.011
1.009
11.007
-2.011
0.007
21.001
-5.007
-1.011
6.001
5.001
0.007
1.001
-2.007
-1.007
2.307
-1.001
-1.007
8.007
-5.007
-3.001
9.012
12.011
1.007
-3.807
3.001
-5.007
-2.001
-5.001
7.001
7.012
6.005
-1.007
0.007
-15.001
-1.001
1.007
9.011
-1.011
0.007
10.001
0.007
3.004
-4.001
-3.001
15.001
0.007
-9.002
-10.0
-8.01
1.007
-7.011
-5.007
5.01
-1.007
-3.007
8.007
3.107
-9.011
-1.001
-3.011
-2.007
11.001
2.001
-7.011
1.007
7.001
11.007
-2.007
-2.001
8.001
-2.002
17.001
-3.007
16.001
5.007
8.003
-2.007
20.001
15.001
0.011
-20.001
3.006
11.011
-5.007
-1.007
-8.004
-2.011
5.001
16.001
-5.001
-2.011
-4.007
11.011
0.001
2.007
3.007
-12.0
5.007
-10.007
1.007
2.001
17.001
-5.007
2.011
-5.001
11.007
-0.207
4.001
-5.001
1.007
19.002
13.001
0.007
-2.007
-1.001
8.001
5.001
-6.007
-16.001
-7.007
20.001
16.001
9.008
-3.007
2.007
-7.001
-18.007
-20.007
-9.011
11.012
0.007
-4.003
-3.007
-4.003
0.007
3.001
1.001
3.001
11.007
17.001
2.001
2.007
-14.004
-22.007
-1.011
0.007
-11.007
-6.001
-3.007
9.007
0.007
-1.007
12.001
-2.007
2.011
-11.001
3.001
5.007
6.007
0.011
-3.007
6.001
14.001
-6.007
-2.001
9.004
11.003
1.009
-11.007
18.001
3.007
2.007
17.001
4.001
-9.011
5.001
-15.001
4.001
1.011
-9.011
18.001
-9.002
3.001
13.002
-4.001
-8.011
18.001
-4.011
-1.001
16.001
15.001
1.007
-6.011
-7.011
9.004
5.001
-3.001
12.011
0.007
0.001
0.007
11.011
14.007
2.007
5.501
6.007
-5.001
3.011
12.005
-5.004
-5.004
-8.005
-8.011
-5.001
9.002
0.002
2.011
1.007
-11.002
-6.007
6.007
-3.007
-5.001
15.011
13.001
16.001
-4.011
7.008
-2.007
11.001
0.011
6.005
1.001
-10.004
0.007
-4.011
10.011
-6.011
-17.004
9.002
16.002
0.009
-2.007
-3.007
-4.008
-1.011
-7.011
-7.011
13.001
-8.005
1.011
-7.011
-1.011
0.011
0.011
-9.012
-7.007
15.001
16.001
9.01
2.011
1.001
12.007
0.007
-1.011
0.007
9.011
0.501
-9.007
3.0
20.007
1.001
-7.011
9.008
-2.001
21.107
-3.001
-7.011
-12.007
-11.005
14.001
21.007
14.009
1.001
-9.011
15.001
-4.007
-7.011
15.001
-8.011
-22.007
3.001
0.009
-4.007
-10.002
0.011
15.001
7.011
-7.011
1.001
17.001
21.001
0.001
24.007
-3.007
2.807
-3.007
-20.007
12.007
1.007
14.004
-10.012
10.007
14.001
5.007
-7.011
14.004
15.001
17.001
17.001
7.004
-9.011
7.007
-2.001
-7.001
0.001
-4.001
15.001
13.001
-7.011
-9.011
0.001
8.001
1.006
23.001
1.008
-6.001
19.001
5.011
8.001
14.001
11.001
21.007
2.007
-8.011
-6.007
6.001
-4.007
11.011
-7.011
0.005
8.001
0.001
2.007
-3.012
-5.007
-3.001
19.001
12.001
8.001
1.007
3.001
17.001
0.001
-9.011
1.007
-4.007
10.001
13.001
19.001
-10.002
-2.006
20.007
-9.011
-7.001
0.003
-1.007
30.001
-14.001
1.007
-1.007
-7.011
2.001
17.001
4.001
0.009
-8.011
1.001
0.007
8.001
4.001
8.001
18.001
-2.001
6.001
13.001
-4.001
-10.001
-4.007
7.007
19.001
6.007
8.001
1.001
-7.007
0.001
3.001
-7.011
9.001
15.001
2.01
-5.007
-1.011
20.001
-22.007
-20.007
0.007
1.007
0.007
0.001
-2.007
0.007
-7.003
-4.007
14.007
0.007
0.007
-8.007
-4.007
7.004
7.003
4.001
-3.001
-8.007
0.007
8.009
0.007
-1.011
0.011
5.001
-21.007
1.007
0.207
-5.007
-2.001
-4.007
20.001
2.007
20.001
15.001
-2.011
-3.007
11.012
6.005
1.007
0.001
0.007
13.01
-3.001
4.003
15.001
14.001
-2.007
2.007
0.001
12.001
0.007
-15.007
4.001
1.0
17.001
3.501
12.001
11.001
5.007
0.007
-3.011
-4.001
-12.001
4.005
15.001
1.011
0.007
11.007
-0.107
1.011
0.011
-15.003
0.007
1.007
3.001
-6.001
11.007
-17.007
21.007
2.011
1.007
15.001
0.001
9.011
-9.007
-19.007
-10.002
10.01
8.003
0.007
4.007
0.007
-21.001
15.007
3.001
1.007
-7.001
1.007
-3.007
-4.201
15.001
-3.007
-13.007
-11.007
-1.007
-11.007
-5.007
0.007
-1.011
2.007
13.0
-1.007
-9.001
-3.007
-12.007
0.011
-6.007
-21.001
0.007
0.011
-4.007
16.001
-7.007
4.007
6.008
0.011
-16.007
-5.007
0.007
7.008
1.007
-10.002
20.001
3.007
-10.001
-3.001
-6.001
-1.011
0.007
-16.001
-7.011
13.001
8.006
-5.007
-8.007
10.007
-6.001
7.007
-8.011
-22.007
0.007
-12.007
-3.007
-9.002
0.011
13.001
14.001
0.007
-1.007
-1.011
0.007
-14.001
20.001
-14.001
-9.007
-9.001
5.007
9.006
15.001
11.012
8.001
5.008
13.007
-12.001
7.009
16.001
12.001
-10.001
3.001
6.007
17.001
-2.001
0.007
6.007
0.001
-5.007
0.011
0.007
1.007
3.007
2.007
0.007
15.001
0.008
12.007
0.007
13.001
-11.002
1.007
4.007
-10.011
2.007
20.001
18.001
2.001
-2.007
-6.007
-10.002
-8.001
11.001
1.007
18.001
-18.007
0.0
6.001
1.007
-4.001
13.001
-22.007
-9.002
-2.007
-4.007
19.001
-2.007
8.007
1.001
13.007
2.007
2.001
-9.001
12.011
-3.001
0.011
12.001
0.007
5.001
14.001
-27.007
16.001
4.007
0.007
9.007
0.007
-11.001
0.007
0.011
14.001
-2.007
13.007
-4.011
1.001
0.007
0.007
9.012
-3.007
-4.001
20.107
-4.001
1.003
-12.007
-9.001
-5.01
3.008
3.008
6.007
16.001
-3.007
-1.011
0.007
5.001
1.001
2.012
2.001
0.011
-1.011
2.001
0.001
-10.011
10.012
14.001
4.001
5.001
2.001
-2.001
-7.007
-1.007
4.007
-15.009
-1.001
7.001
13.001
23.007
0.007
-1.001
3.008
0.007
4.001
3.007
2.001
14.004
1.007
-5.001
17.001
-7.011
11.001
13.001
3.007
0.007
-3.007
2.007
1.011
-4.001
3.001
0.007
-7.011
2.002
8.012
3.007
-3.007
17.001
5.008
-6.001
2.007
1.007
0.007
-4.008
-11.002
0.007
0.007
7.008
-10.002
0.007
-5.001
-12.001
3.001
-18.007
6.009
31.001
-8.011
-7.011
-21.007
10.007
-2.007
-8.011
-18.007
-2.007
18.001
0.007
-3.001
19.001
0.007
-8.002
-8.011
0.007
-15.012
-3.001
-9.007
-8.002
12.012
17.001
0.007
-8.007
17.001
-7.011
4.001
-4.001
-6.001
23.007
1.007
-8.007
1.001
1.007
3.007
10.012
13.001
-7.011
5.001
-5.001
-9.002
-7.011
3.007
-1.001
3.007
-1.007
1.501
1.007
3.007
0.011
16.001
10.001
-5.007
-3.007
5.001
0.007
12.001
3.007
10.012
-11.006
11.007
19.001
1.011
5.001
2.001
-7.011
1.007
0.001
2.007
1.007
0.011
0.007
1.007
1.008
-4.001
2.007
15.001
-20.507
-14.001
0.007
6.007
7.004
1.011
8.002
8.008
1.007
-8.002
6.001
-21.007
8.011
-12.007
0.007
-5.012
2.007
2.007
15.001
0.011
-2.011
0.011
-7.011
2.011
2.007
3.001
5.005
-4.007
17.001
-4.007
-8.007
1.007
13.001
-3.001
2.007
2.007
2.003
11.001
-8.011
-11.007
1.007
-4.001
-2.001
0.009
7.007
-9.011
-1.008
0.007
1.007
-1.011
0.007
0.007
10.012
5.001
-2.007
22.001
13.007
3.001
3.007
0.011
2.001
0.007
-2.001
0.011
0.007
3.007
1.011
-5.001
9.012
-4.001
-4.001
-3.007
13.001
29.001
-4.001
-6.007
3.001
-3.001
-1.001
-7.011
-5.007
8.001
1.001
-16.007
-19.007
0.007
-7.01
-5.007
1.007
0.001
-1.007
1.007
16.001
-10.001
-6.001
8.012
-11.002
-5.007
0.007
-2.001
0.007
0.01
3.001
-5.001
3.001
1.001
-5.007
0.007
17.001
3.007
9.001
-2.001
13.001
1.001
8.007
-4.007
-3.001
-2.001
2.007
24.007
2.006
0.007
-8.001
-8.011
7.001
16.001
15.001
12.001
12.0
3.001
-7.011
-1.001
10.001
-11.001
0.011
2.501
4.001
4.009
2.003
-1.011
-6.007
11.007
-7.011
1.007
3.001
26.001
9.007
8.004
-2.007
3.007
5.002
0.007
0.007
-5.007
13.001
0.011
-3.001
0.007
15.001
8.0
2.002
12.001
-9.011
2.007
0.007
3.001
4.007
3.007
-3.007
-2.007
5.007
13.007
4.001
-1.007
12.001
16.001
22.001
7.007
13.001
-9.007
9.001
2.001
4.011
-9.002
1.007
3.001
-11.001
8.004
-7.011
0.011
12.001
-9.007
-7.011
-8.007
-7.007
1.001
-7.002
2.001
2.007
2.01
0.003
0.007
-7.011
6.003
-2.011
-7.011
15.007
-7.001
0.0
8.012
-3.011
-3.007
1.007
14.004
7.001
2.007
-11.007
-3.007
-7.001
-2.007
26.001
-5.011
0.007
-1.011
10.001
5.007
7.007
-5.001
8.002
-3.007
-7.011
6.007
-3.007
5.007
-7.011
3.007
9.007
-3.007
4.007
0.011
-4.007
4.007
-1.007
1.008
15.001
2.007
-4.001
3.001
8.008
9.001
-8.011
2.01
6.007
-5.001
-7.001
-2.007
5.006
0.007
0.007
22.001
-2.007
4.001
4.007
0.011
17.001
0.007
9.008
2.007
1.007
2.007
10.012
7.001
-2.007
-7.011
22.007
3.007
0.007
9.002
5.007
-7.011
2.007
-6.007
1.011
2.007
13.001
-14.011
-20.009
0.001
3.501
0.007
-5.001
-2.007
3.001
0.007
3.001
1.007
1.007
3.007
-7.011
1.007
0.007
-3.007
-7.011
16.001
2.001
8.007
-2.011
-2.011
0.001
6.008
-2.007
0.007
0.007
-18.007
8.001
-1.007
-3.007
12.001
12.007
-9.007
2.001
0.001
-2.001
8.001
8.011
-3.011
-3.001
11.007
18.001
-3.011
12.001
7.001
11.012
-7.007
-5.001
-3.011
6.012
-7.011
17.001
2.006
-1.007
-1.001
-21.001
-7.011
21.001
-1.011
-1.011
-12.004
0.007
-7.01
-4.011
-1.011
0.007
16.007
0.001
-4.007
8.008
5.001
1.007
1.011
5.001
6.01
13.001
-3.004
-12.001
4.501
4.001
-4.007
20.001
-3.007
2.012
16.001
8.008
11.001
-18.007
19.001
-2.007
4.007
5.011
8.007
-16.507
-7.011
13.007
-12.001
6.906
0.011
-8.011
-3.01
-24.001
-24.001
-20.001
-21.001
-3.001
-1.001
-10.007
2.007
-6.002
5.007
4.007
0.011
1.007
0.011
-1.007
14.001
4.012
-19.001
0.011
1.011
-10.007
-8.007
-7.011
-5.007
-10.001
-7.011
6.008
14.001
7.007
15.001
7.01
0.008
-4.007
1.501
-4.007
1.001
0.011
-8.007
1.001
-7.007
5.007
-3.001
2.007
-12.001
1.007
-3.001
0.011
6.001
7.007
-1.011
-4.001
-7.007
-5.007
16.001
1.007
-4.007
0.011
0.011
0.011
0.011
1.011
0.011
0.011
0.011
-4.003
4.001
0.011
-2.007
10.007
0.011
-11.007
12.011
1.007
14.001
-4.007
5.001
-18.012
0.011
0.011
-12.007
-3.007
0.011
-9.007
1.001
-7.007
2.001
5.007
15.001
0.007
0.008
-3.001
1.007
0.011
0.011
0.011
0.011
-3.012
-3.007
-4.001
11.001
3.007
3.001
-8.007
-9.007
0.011
2.501
6.007
-3.007
5.007
0.011
6.007
0.007
-22.007
15.001
0.007
1.011
-10.007
-7.007
6.012
2.001
-5.007
-1.011
-9.007
-21.007
-2.001
-3.001
-7.007
1.011
-5.001
3.007
0.001
22.011
1.007
-4.307
-17.007
2.007
11.007
1.007
-14.007
-1.004
-6.001
0.007
-15.007
12.011
4.007
-10.011
6.707
1.011
0.007
13.011
10.007
21.001
12.011
12.007
-9.011
21.007
-8.011
11.007
19.011
5.007
0.001
-1.011
0.009
0.006
-4.007
0.001
0.007
0.009
12.007
-28.001
-5.007
-20.001
-19.007
-6.007
0.007
-16.007
-4.001
-5.001
-7.011
2.007
-8.011
23.001
-8.001
-25.001
-22.001
0.005
10.001
0.005
-12.0
-8.011
21.001
-21.001
-6.011
10.001
12.001
17.001
-10.001
17.001
-3.207
30.001
-10.007
-31.006
-21.001
25.001
25.001
-18.001
-22.001
-5.001
-24.001
22.001
-21.001
-16.001
-21.001
-8.011
-6.011
-24.001
21.001
7.001
-7.011
-6.007
12.006
17.001
-13.001
-10.001
-15.001
-25.001
-4.011
-5.001
2.007
21.001
-7.011
21.001
-7.011
-14.0
14.001
20.001
8.001
21.001
-18.001
11.001
-6.001
28.001
-19.001
18.001
-22.001
-1.001
20.001
12.001
-25.001
-22.001
-48.005
-5.011
-20.001
-5.001
3.001
16.001
0.005
-10.001
-8.011
-21.001
19.001
-10.001
-5.001
-7.011
3.007
-8.011
8.001
-10.001
-10.001
-19.007
-16.001
0.005
12.001
-7.011
-14.001
-27.001
28.001
21.001
-8.001
23.007
10.007
7.001
-26.001
23.001
16.001
16.001
-12.001
21.001
21.001
-8.001
23.001
-6.001
-11.001
20.0
25.001
23.002
-22.001
21.004
7.001
12.001
1.012
-24.001
-24.001
-22.001
-10.001
2.001
2.001
22.001
25.001
23.001
-7.011
19.001
-20.001
1.007
4.001
1.007
0.007
-2.011
8.011
-3.007
0.007
-4.0
8.001
1.007
2.001
-2.007
-3.002
2.007
8.004
166.009
15.007
8.006
-8.011
-4.007
-3.001
166.009
-6.001
-155.011
-5.002
0.007
14.001
5.007
166.009
0.001
-14.007
-9.011
-6.001
