373
277
111450
346
349
363
227
350
110700
278
412
300
364
114400
261
250
405
108200
393
373
406
329
284
382
111250
398
384
276
397
385
298
242
366
243
234
263
388
350
280
364
353
368
314
362
236
399
386
251
347
280
371
391
386
376
254
353
328
233
200
350
239
261
395
226
361
387
367
111600
302
283
222
339
410
375
237
337
400
234
261
405
382
233
310
295
239
286
375
208
109000
229
414
393
221
405
235
291
109300
227
311
236
113
237
242
415
339
490
343
422
763
434
338
678
608
264
317
330
114800
333
409
336
300
397
396
310
355
365
341
329
113100
349
116700
116700
205
113300
115500
116100
116300
329
333
381
420
342
360
290
318
227
353
203
400
112500
240
112400
108450
116300
114500
264
404
112900
113700
114600
113300
300
285
420
113200
113000
321
115100
330
112100
230
358
248
320
115900
113100
417
277
117800
112000
355
116200
114400
202
371
115300
110200
108600
379
116400
114300
392
362
280
288
700
365
451
407
407
422
328
361
112100
112700
345
395
323
275
278
117800
530
112700
116700
117200
115400
114300
210
112600
340
112900
365
266
113100
384
114500
351
373
391
109800
390
116100
329
419
400
223
114900
347
134000
393
283
270
233
250
321
381
325
233
318
110000
115300
112000
429
110400
205
112500
114800
310
113600
305
116700
113400
225
113600
392
215
321
109000
278
109600
109300
400
108600
379
269
320
320
288
430
371
400
111800
347
347
399
365
117100
397
254
323
377
369
365
334
430
385
115600
117800
524
114800
347
281
344
221
380
318
276
360
113
355
362
113400
392
113450
110200
113600
250
117300
407
112800
114400
348
274
116000
112050
110000
113300
432
229
385
215
379
443
398
247
326
384
382
353
219
218
358
115300
111200
116950
115500
230
116700
115200
383
114500
396
115800
113800
382
293
114500
117900
310
233
116400
112300
115000
430
112600
112200
351
245
112500
114700
113900
396
113800
401
380
116400
113800
395
275
278
298
325
325
475
420
284
388
251
294
114700
116100
113700
359
360
341
113950
334
403
115100
206
113500
133400
367
402
115500
116300
310
329
275
114100
113950
359
116300
112700
385
415
294
306
268
402
443
718
381
368
211
245
422
345
380
113500
366
110650
114300
375
114800
112200
114300
122
290
230
113300
113000
209
359
112700
356
115600
117100
115400
415
347
245
452
113500
113700
109100
114500
351
365
112700
112050
114000
112900
115200
370
282
376
200
108600
268
108400
108800
290
341
378
270
328
443
289
250
371
260
206
338
230
240
116700
201
349
396
108800
114800
382
112500
264
404
336
407
418
113100
326
230
356
402
334
315
351
518
326
108
428
187
391
269
356
260
112700
265
365
115700
355
289
109000
108200
517
112500
113900
384
296
114500
113900
230
111600
113600
116500
116000
116700
289
280
116000
293
344
245
401
291
115800
112800
310
398
109800
347
110450
221
355
112400
117000
210
113500
115900
335
300
240
305
397
399
340
254
359
108750
116000
114500
390
112300
112200
115300
395
415
360
447
113700
112300
360
116100
275
117700
114200
114000
325
360
113750
110200
388
245
237
323
374
385
326
375
230
315
215
405
360
117400
415
347
273
116100
114650
113400
245
348
350
116900
113200
295
114900
112300
112600
345
414
375
114400
116600
420
205
670
108
353
366
423
114000
111400
115900
113000
278
114500
111600
116100
404
290
372
489
338
387
257
110600
289
117100
116400
390
203
112300
385
344
245
260
382
113500
219
113500
362
335
114000
415
440
403
117200
403
315
112800
115600
236
356
241
283
210
375
219
316
370
233
110200
115500
114000
366
287
690
371
403
414
233
109000
111200
109650
371
336
223
305
242
335
257
481
438
389
650
383
650
650
425
385
770
400
405
254
359
240
456
361
339
920
118
750
605
410
230
385
108600
312
113400
115800
116400
113000
113300
113100
320
319
115300
418
392
112700
115100
113900
115500
115800
390
113600
112200
114900
379
115300
112800
385
304
133700
113700
108300
113400
117400
116400
332
347
320
111600
116200
320
470
117300
404
108200
114800
110600
284
110600
420
484
384
274
404
752
432
285
401
116600
239
285
116600
380
116000
115500
112800
112200
112600
109600
112100
390
113900
275
115300
113500
320
112750
265
116200
114900
417
205
414
388
426
960
310
114300
212
112800
300
416
362
108100
116700
117450
316
116000
370
390
113900
416
109400
228
114700
375
212
393
394
345
360
528
635
707
388
277
113900
112700
113200
305
115100
336
254
111600
388
114700
114200
245
358
350
109000
111000
112100
108200
117200
323
208
116700
108800
389
114900
116100
113100
413
114400
278
318
325
272
394
287
640
332
397
113800
284
232
11495
115800
117300
117200
250
116500
113950
350
368
335
112900
290
230
114100
402
269
487
116500
535
248
263
362
385
263
116600
390
311
112600
360
215
112800
344
111500
110000
350
372
300
363
272
745
920
264
227
332
113500
116200
385
374
112050
110600
108600
110600
115300
235
263
250
112700
345
115800
113500
335
112600
206
387
112500
114800
112200
114300
112000
356
357
308
316
309
317
480
392
224
330
113500
376
112050
115400
326
338
114200
332
300
391
112000
295
117900
240
382
345
236
406
117700
520
113300
470
348
310
810
435
700
310
230
251
233
339
112300
109000
110600
114900
116900
115100
109600
116800
112500
-1
114500
205
115000
114300
116500
114300
389
111800
114200
112900
404
650
308
112300
423
376
109800
115400
113500
405
108600
400
316
221
248
115800
298
416
224
227
217
975
390
523
334
705
293
300
329
274
113800
117700
245
115300
389
258
109600
117700
275
109150
114300
416
113700
380
392
115800
374
353
236
326
344
255
117700
108800
115100
116250
117300
242
368
315
310
352
335
351
206
855
790
342
374
475
605
380
362
260
338
116700
116100
350
116100
377
116200
114600
116700
278
110000
113600
117400
113700
116200
340
328
117450
116200
386
117500
112100
116900
239
310
116700
114100
115900
320
375
552
370
301
350
272
343
290
382
342
405
113750
294
108200
110400
374
117450
341
404
112100
404
113200
112500
360
255
266
353
372
222
345
257
115
304
114100
115900
117400
114400
353
206
370
342
113100
114500
117000
117200
250
113800
112400
305
362
111000
116300
115300
113750
113900
368
334
345
334
117450
117500
212
220
407
266
298
385
390
327
1290
221
359
375
117100
413
387
114300
351
374
113900
340
113300
283
114400
362
392
110800
112700
117700
117600
251
112700
407
398
392
117800
312
254
279
276
680
257
116500
117500
117100
401
117200
116000
113700
403
114500
239
779
275
349
112200
113500
329
111200
114500
112200
318
233
450
395
382
357
240
320
327
303
266
393
390
251
795
116450
379
292
114000
113200
116900
114800
346
364
358
110600
414
112500
408
111400
218
225
117200
112200
320
116200
322
116300
115900
114300
375
316
115900
340
371
114100
113600
360
112000
380
427
114500
117600
116200
281
114100
115300
352
400
285
302
345
325
276
374
428
345
114300
115900
117700
335
115900
256
339
112300
114850
110000
114000
112300
114700
428
278
318
112400
521
113900
116100
274
325
353
696
272
284
382
114150
336
112500
109400
519
116600
383
373
308
109400
116000
115700
421
386
115900
113500
115800
116500
113500
429
116000
368
117500
114700
114150
515
321
220
207
300
442
374
428
230
231
386
109400
114600
377
109800
117300
266
117100
116400
113400
430
260
115200
114300
425
269
115900
114000
110600
112900
380
348
421
115800
110800
397
114500
116200
112200
117450
341
336
243
399
311
372
201
335
112400
352
113100
405
362
325
112300
332
117900
326
260
114100
113500
115900
240
115100
341
407
258
281
332
380
375
236
114700
108600
117900
397
292
233
412
109600
206
114200
220
348
718
389
353
356
110600
203
113200
985
212
218
368
114100
260
114600
344
113100
244
341
393
497
386
393
266
407
284
116800
114300
392
328
383
110800
111900
112400
362
280
280
305
305
313
402
352
326
257
705
362
280
281
365
268
293
367
359
395
362
280
110800
-1
382
112700
115100
380
400
269
114700
275
320
112500
113400
371
112500
302
116200
114100
114100
115000
115000
290
323
333
114450
274
332
113000
114300
115100
323
367
402
380
109500
114300
357
114300
117500
112100
235
262
345
254
111650
220
387
113000
400
350
292
116700
263
396
245
225
354
426
463
114500
112100
116900
350
395
200
320
113500
415
117800
317
515
350
116900
115100
380
278
115200
112700
374
341
109200
115400
114100
389
305
325
286
345
335
112900
117200
375
345
341
111300
248
114600
117000
114200
109800
112200
264
422
341
362
114900
112600
112400
117300
117300
112050
200
335
360
263
114700
112300
401
341
112900
117100
113400
117600
391
293
388
254
372
205
510
201
112500
109000
114000
328
420
311
114600
115100
278
257
300
113600
387
275
115900
108400
112500
275
346
114350
112200
116500
388
215
340
361
212
239
420
112300
278
227
339
228
352
298
248
116200
354
355
109800
112900
212
255
115350
116900
114500
113300
344
115700
270
109200
114200
111100
117000
112300
115300
350
311
240
265
347
282
389
105
403
525
329
115500
280
272
407
116900
115600
397
323
440
114500
116500
111800
115900
116800
114100
411
221
408
110500
116200
113700
261
109000
375
117000
265
208
113500
277
375
209
114500
115200
214
217
257
322
400
326
113700
113500
113100
380
412
362
117300
109800
114100
115800
113600
363
269
230
388
116400
114300
350
397
112900
397
113200
113200
324
240
293
113400
115600
415
116700
116100
275
441
345
335
112600
358
116100
113600
113900
404
200
341
260
400
423
110600
115000
108850
207
303
253
275
344
260
515
242
350
114900
216
116500
227
115350
209
111200
320
113300
112900
114550
115500
210
114900
110000
117550
115000
115900
330
369
275
391
407
116000
116900
115800
117500
112600
116100
113000
110000
396
116600
115500
387
389
111400
112900
302
338
114700
209
115500
218
254
112800
412
281
310
355
453
514
805
378
115300
114650
330
305
335
112700
397
404
114400
113100
233
111200
422
335
315
380
111400
116300
206
383
379
117300
109200
371
115500
293
267
284
485
337
350
407
216
232
347
407
110050
113600
401
322
111800
401
108800
404
335
115000
247
108800
117700
115400
380
203
335
350
385
293
112900
113000
117400
405
326
278
335
112700
380
366
388
358
115800
113700
201
110200
360
108200
985
208
386
481
235
389
480
279
375
350
218
414
227
109650
116200
230
378
112000
110000
111600
225
230
114350
385
300
205
396
372
266
344
233
341
263
409
279
114800
350
317
510
300
805
382
267
414
116500
305
133300
112000
433
293
117600
433
114500
386
260
112300
112400
170
114600
109200
115700
114800
426
112800
325
117100
342
281
117300
115500
115400
116900
330
396
390
117500
110200
405
278
113000
364
420
355
333
389
345
117100
117500
116750
327
116300
115500
414
351
112200
113300
116450
255
379
277
420
114400
116500
362
116250
108200
407
113400
112300
236
117600
289
112300
116300
404
116000
340
116500
115100
115700
115700
111800
428
112000
412
555
395
210
368
116300
275
285
375
113300
117100
242
112200
332
113300
114800
113600
293
257
270
221
111200
114100
114500
222
116500
108200
114300
387
269
375
397
233
402
335
535
113800
112050
338
113600
116200
117300
114600
113900
116000
365
113700
329
263
115200
115400
335
111600
115300
285
117200
392
314
359
351
485
373
418
275
350
377
112800
423
112400
299
117600
275
302
395
117400
281
219
115100
215
251
205
112700
112300
169
369
395
960
353
410
113400
366
115950
338
113100
209
362
108600
364
408
250
116500
359
114500
409
201
275
116750
114500
117300
341
112600
330
116300
215
112900
112000
260
332
330
280
255
395
278
273
429
398
300
429
432
715
234
367
363
304
391
405
261
350
386
305
214
274
402
525
377
306
316
600
315
404
214
263
223
112700
200
233
113200
109700
108800
412
115300
114700
342
346
116000
113100
108400
114400
312
112100
364
410
111200
113700
113700
114200
116900
117100
290
114300
350
116100
287
375
341
251
380
115700
115400
113000
113100
115800
347
265
116900
310
212
332
326
295
332
332
111000
260
220
298
114300
115200
112800
212
353
253
270
244
108200
116500
113900
108600
117200
391
116200
362
264
310
437
338
275
108200
331
256
236
388
113500
113800
117900
281
112400
382
117300
520
310
401
246
117500
114100
327
322
518
114500
109400
429
113850
112900
112600
114100
202
358
117200
116300
253
109900
116500
114500
113900
116100
374
112000
113100
286
389
353
335
113600
113500
112900
114400
307
115900
113400
114300
327
113900
198
110000
386
563
292
212
114100
274
113600
115200
415
111450
347
102
427
120
343
332
221
117800
209
348
115800
114600
116200
113500
116800
360
379
330
112900
112300
274
115200
114400
116400
112600
117000
112200
113000
392
414
215
435
235
343
659
315
273
690
223
117600
343
108600
116000
281
114500
108600
343
203
112600
344
224
380
210
390
332
113600
425
114300
394
115400
363
341
116200
295
112500
350
343
112500
111000
117200
112100
113100
362
295
409
331
320
305
390
387
659
373
118
390
359
236
245
113000
116500
112300
112400
112700
112700
273
115000
355
110550
108650
285
110000
114900
325
274
440
335
108400
115800
284
117700
116100
116300
281
116800
216
114500
114000
410
264
415
361
335
385
335
114800
115300
440
117300
114100
218
114350
108200
117100
355
117000
295
250
283
344
635
117600
117300
117500
215
380
388
116100
394
113900
393
111200
108600
254
116400
114400
251
510
385
393
359
115700
114900
111000
108800
117500
115150
283
112700
420
353
109800
114600
490
311
110200
114900
111000
418
114950
114700
354
768
288
437
522
995
111
375
300
117700
134500
521
112000
310
357
353
109000
350
126
113400
370
341
363
275
598
109400
330
365
237
221
263
116800
133600
227
780
112500
293
113300
116000
305
113500
733
887
405
715
295
361
256
417
422
239
209
399
302
332
111200
392
111000
112900
391
117
113800
323
386
335
217
116000
114700
385
110400
410
112500
341
114000
108200
319
263
409
244
350
786
265
113400
242
116600
114700
311
341
109400
368
111400
116400
374
327
115200
391
112400
109400
309
206
269
109400
112050
242
391
287
357
393
382
410
414
341
374
386
377
115400
385
397
117200
341
117400
115100
115900
397
417
116300
114200
358
116750
290
115200
286
390
335
440
786
242
269
116400
114700
114300
117200
360
115500
114700
108200
418
283
373
117900
117600
109600
358
325
115200
261
369
114500
112300
108600
116600
110600
111400
215
355
525
345
111200
117900
324
112800
385
359
356
360
394
400
315
426
117600
115400
115400
117100
115700
114700
112300
115000
117800
115800
111400
112900
117100
112300
352
400
109200
115250
254
394
278
417
366
113200
112000
385
117300
112600
113000
237
316
260
370
225
377
115650
383
234
113700
308
496
435
345
434
263
349
117100
113600
401
115500
114900
113850
112000
113500
421
109400
383
114900
112700
430
384
265
425
116300
108200
111400
115500
354
365
203
223
344
114900
110800
117900
260
413
114400
113500
110800
350
215
212
112500
114200
326
381
117800
108200
372
112700
398
260
110400
204
115700
344
257
116000
326
116600
110200
110200
260
254
109200
112900
115200
392
251
254
219
117350
393
108200
134000
317
109600
112400
308
362
274
241
113800
115800
281
112400
113600
110800
400
374
510
233
357
115600
286
113500
373
240
116500
226
237
245
366
114700
338
241
394
300
305
375
300
598
285
588
402
210
353
384
520
110900
113900
429
305
380
212
510
270
256
226
114900
110000
108600
113300
109800
358
115700
116200
332
246
108800
300
512
410
390
108200
108600
486
388
293
326
414
955
113200
344
111800
108800
332
207
278
285
204
109000
114400
222
529
414
239
354
570
942
427
115700
269
521
258
316
295
113400
257
332
114200
110400
115200
109400
116600
281
116700
335
393
275
115700
400
331
350
473
112500
112600
267
284
113600
490
345
380
112500
232
212
391
314
332
365
226
329
338
117500
113900
341
114700
114450
109600
335
369
393
250
287
375
985
273
113450
116300
109600
110600
278
365
115300
272
219
335
112400
117150
248
114500
114000
113850
296
114400
117000
295
115200
112050
112300
270
112800
112200
380
115550
275
300
374
117500
114100
260
365
245
341
110400
117900
115800
362
112400
113000
392
339
421
368
372
400
517
269
326
371
404
109000
354
371
401
113700
116900
338
239
250
411
203
375
326
341
400
353
116800
113500
111600
113300
329
114200
340
111000
423
318
236
348
114000
111200
356
395
112100
410
345
240
372
275
254
400
116300
117400
114400
371
274
312
375
297
263
408
407
115600
436
173
405
115900
113500
112100
109400
110850
109850
114100
110200
210
115600
113300
371
268
248
117150
111400
116100
295
115200
375
396
780
245
223
115600
216
284
115000
224
114300
116400
326
379
110400
115000
394
116900
345
618
344
365
321
117300
109600
113500
242
426
220
317
112400
114100
110800
407
468
351
263
340
115800
400
112100
112200
390
115700
526
335
349
257
367
382
345
251
117800
257
113300
221
327
352
337
387
382
366
108400
359
335
226
255
117300
114400
113700
247
227
379
243
111400
255
307
335
360
345
595
697
617
391
345
377
330
371
364
173
680
115400
245
370
115800
112300
109000
115600
115800
385
233
114800
116700
330
273
112800
369
113400
112300
117400
108800
115700
407
117100
420
115500
219
284
116700
382
432
115900
274
460
204
419
245
115600
116900
311
215
109800
426
417
315
111000
323
429
116600
113600
395
113700
114800
428
373
347
380
114600
113300
115600
113100
108250
404
518
115700
261
395
303
975
113400
394
322
354
368
407
398
117300
110600
400
347
112900
410
209
392
528
742
270
421
338
910
388
110800
108200
109000
115500
113900
359
115100
270
112800
318
219
117300
242
413
275
341
319
521
209
345
232
215
115800
333
114300
110200
389
114400
112250
115700
338
315
211
290
374
260
410
370
116000
115000
242
359
112300
248
401
375
117600
310
113600
263
117800
117600
275
314
112500
113900
338
635
266
314
278
320
114900
340
110900
260
111600
114800
386
346
371
360
244
430
300
114900
392
116900
372
341
115400
314
117800
328
117300
114100
239
108100
117700
245
340
390
400
111400
321
286
520
325
311
517
117700
115600
201
398
369
321
201
599
414
116300
236
375
248
407
115100
330
428
110200
212
111000
114200
114300
112000
109200
317
272
206
108200
112300
331
388
275
325
247
374
300
258
350
521
242
114700
386
115400
113900
116100
334
356
319
435
317
269
340
343
110300
114700
261
317
344
117100
362
236
108800
110600
275
116200
115600
162
305
274
221
106
590
115300
112700
370
396
111800
113100
114100
116500
110850
115550
115250
115400
452
232
341
360
272
284
112200
286
309
278
109000
111400
113000
115800
370
414
308
320
434
875
778
323
216
380
367
356
263
592
379
117500
117300
365
343
412
115500
361
115500
360
233
318
111800
112000
255
111800
358
113400
115950
113600
284
382
412
414
109100
263
332
406
356
113100
424
331
337
114600
230
112300
405
114700
116200
290
114200
336
297
305
287
254
114500
116500
113700
245
116200
331
115700
276
574
323
360
253
324
282
232
257
115500
293
407
115100
114500
114800
305
114200
113500
401
323
250
245
111250
338
344
113200
375
224
388
370
384
332
115100
109400
108450
359
361
275
114100
115900
380
660
650
201
375
115750
224
115600
113800
114300
371
415
349
112800
114750
282
253
278
117900
115900
114400
391
110600
310
365
338
236
116500
250
385
114100
359
407
368
115100
354
115500
115900
280
387
205
113350
110200
115700
320
116400
280
262
403
255
388
317
320
329
348
267
265
380
330
340
371
115400
110400
112300
403
329
113950
332
411
388
114700
113300
407
115200
113100
117900
317
376
113800
260
117500
112500
322
365
386
328
405
215
350
112700
362
328
402
978
361
200
408
116900
323
111800
390
114900
112100
266
251
256
330
340
365
108300
209
116650
117600
116100
108800
113900
113700
117700
257
365
414
334
655
368
396
113400
211
114200
369
417
411
109000
334
115000
109400
115550
116750
245
362
324
400
338
112700
251
524
340
344
236
114200
233
434
404
410
431
375
267
356
110600
110000
244
323
114900
116700
278
113100
286
398
254
350
220
317
525
116500
117900
113000
112100
109800
115800
110200
209
112300
116700
345
417
359
373
356
112700
113300
360
270
323
114700
346
361
469
113700
110800
117600
305
356
376
111200
328
114700
220
113500
338
275
299
360
356
319
425
323
366
390
386
332
332
470
310
113300
117300
239
338
261
251
255
347
345
259
780
375
362
212
304
378
110700
113700
266
115100
220
116700
114900
112200
112400
113300
233
117700
108600
114100
309
347
114200
448
269
117300
114400
383
221
420
337
329
432
390
114700
112200
112400
115100
112400
203
115650
114500
112800
212
112600
109600
114600
512
112600
114000
348
344
330
389
390
213
242
264
109200
116950
116800
114800
115900
371
272
384
346
245
115300
432
115500
375
385
302
315
111000
113200
278
110700
209
484
113000
315
114600
117600
113650
397
398
260
110800
339
110000
353
117250
406
376
212
281
115200
362
112800
375
230
112000
642
236
365
117700
417
333
289
332
330
338
395
113200
204
112500
117700
109200
115400
331
112500
109800
110800
407
114100
341
273
483
400
221
116600
230
230
114150
114400
108800
117400
401
112300
108200
116300
114000
360
226
378
111600
113100
288
320
113600
134100
115700
115300
285
390
100
245
404
400
219
287
117100
115800
112400
371
113000
117550
116100
111000
412
116100
115000
113600
220
113300
116800
111600
113200
112000
383
357
655
115900
109800
117400
111800
341
108600
358
400
388
280
299
263
112300
257
377
285
200
281
271
114900
241
685
328
342
109000
116200
221
112600
114200
113400
110400
370
385
314
258
356
217
109400
114100
248
733
357
733
640
733
509
110700
113500
395
364
405
346
329
414
485
116500
111000
116600
243
391
240
209
329
400
112100
117800
202
112000
312
246
109100
317
271
109100
370
245
316
332
318
266
353
117200
114700
270
113800
525
366
440
335
324
385
335
108900
113850
111300
284
110200
395
407
414
110300
396
248
215
290
368
109900
114700
402
212
112500
117100
337
409
410
395
678
116200
111400
345
108800
117600
112300
114100
109300
113400
435
315
108200
109700
220
109700
335
109100
206
116700
108700
115900
115900
108600
114800
435
394
109100
109800
108600
272
370
355
114300
322
113200
111600
275
429
111100
112300
350
371
320
407
278
281
248
226
114400
114800
414
116300
411
254
113700
117000
112600
210
488
311
112500
113800
247
115600
264
289
360
357
255
115600
115050
414
111100
283
112900
113700
368
404
111200
116400
755
400
264
310
106
266
353
317
108200
113300
521
112400
387
275
112100
111000
420
385
242
134000
109200
109300
112600
305
340
110500
210
357
110100
112200
363
116300
111350
115100
116200
109500
345
300
370
332
688
117100
280
113600
115900
109700
117500
349
110300
382
113300
520
116500
109500
280
220
121
514
397
108800
293
111900
113300
360
110300
114600
112300
336
405
113900
382
114100
350
220
290
345
341
385
396
276
366
111700
340
269
112800
434
329
116300
113200
109600
110400
117000
309
407
112500
110900
215
109950
388
114100
290
325
266
112200
393
110700
111800
116500
116900
110950
115700
391
209
225
371
110150
350
356
109300
109900
240
290
116000
114200
260
328
109500
379
230
426
113300
114300
108800
329
344
379
114800
368
110300
109500
117700
110100
215
417
111500
394
109500
378
432
113500
432
400
426
112200
305
330
517
285
332
415
238
450
385
344
365
316
111950
116400
387
112200
115400
360
115800
116800
385
112600
110800
344
113800
204
108200
236
345
403
301
343
400
270
202
384
112200
112900
256
108600
517
114050
381
116000
116500
303
389
475
385
117900
408
360
112150
115300
397
116700
115600
115000
433
371
340
243
115900
115200
256
375
295
265
314
450
260
112500
257
412
341
112100
114700
112700
330
113700
117900
276
113600
523
112300
112900
115400
113300
311
287
109400
404
274
344
242
206
114000
263
395
117500
115000
327
114500
113500
365
263
112000
112400
392
382
115700
115100
340
117700
217
325
112800
116700
116700
115800
113100
112300
401
403
116200
397
347
205
320
108600
225
280
475
370
245
384
374
420
375
113000
452
116300
400
250
380
263
113000
113000
405
115200
112200
281
390
217
114900
115400
109600
410
113100
113300
414
388
112900
353
115550
264
367
360
331
114300
203
388
281
359
109400
111300
278
345
349
212
109600
346
260
245
208
391
257
302
113600
338
283
285
205
251
985
348
459
618
290
705
509
317
230
376
238
211
214
117300
404
369
292
912
299
245
274
244
102
110
440
273
480
112000
112600
330
117500
115600
289
112800
342
337
114500
111600
326
115900
112600
308
406
318
328
111900
112500
333
110000
113800
431
112500
114500
287
112700
233
112400
116400
265
368
398
116700
358
335
378
240
790
321
299
293
825
399
431
115800
117300
312
111000
112000
112150
283
115600
112100
393
201
360
310
271
114500
114200
111250
297
392
300
335
925
260
223
715
280
344
115300
115000
386
314
275
425
410
535
825
262
115000
116700
112900
112000
318
403
373
272
115000
114200
334
290
116300
392
265
296
320
112300
115200
112200
324
115500
112000
113200
317
113100
374
114100
287
358
400
395
395
263
305
404
490
394
115700
114500
115100
242
400
405
485
310
113600
381
109500
117000
115700
113800
113400
325
113900
374
233
112700
116500
327
288
422
230
355
382
347
370
350
309
360
113300
133800
116500
201
332
112000
308
353
115100
285
360
113600
117500
117400
315
115300
350
328
372
169
114100
434
311
403
352
113550
293
425
236
286
267
226
299
116400
114900
115400
326
115700
321
320
225
203
386
271
211
825
255
298
486
283
332
114400
113900
116800
113700
115150
325
111900
115200
113000
114850
318
378
486
276
360
232
246
340
690
387
430
445
365
312
114700
276
349
112000
115900
112900
113800
116300
116800
261
276
115100
313
230
114600
382
270
413
276
237
346
300
494
642
420
393
380
114400
115400
400
111800
434
115500
380
355
114900
364
114900
109600
115800
111200
390
313
271
438
284
260
635
391
298
490
349
112100
113500
114500
114100
112800
322
392
109000
311
340
112100
242
109600
250
395
333
260
275
705
732
109850
112200
108800
112500
115100
114500
251
109600
305
221
370
323
314
365
310
399
303
932
840
885
493
399
308
600
115200
112500
314
116400
350
113700
115200
113400
115950
265
113900
114700
115150
401
115400
117800
112200
114300
112400
113200
112300
285
117800
113200
113700
388
353
209
340
354
282
194
565
103
885
412
228
400
258
370
367
115000
108200
215
117800
112500
115500
113900
349
113000
372
116900
116300
293
109800
113300
112000
290
252
512
365
355
310
730
672
425
395
394
238
348
108400
111400
112700
113800
413
117800
112300
112100
117700
373
116800
109400
113600
112900
116500
114700
320
221
298
387
382
351
249
370
449
450
525
363
115500
166
112800
416
310
353
343
110900
174
112800
115300
256
362
360
113800
357
116000
111550
405
385
255
975
995
400
415
395
735
320
114400
114300
115000
114100
114900
108600
264
295
116700
365
115400
114900
113200
248
555
486
455
100
213
114500
112300
112700
291
112700
416
305
307
325
315
260
287
418
372
357
430
389
275
379
335
402
395
112700
215
563
344
405
105
336
268
445
307
510
270
404
282
227
401
206
116900
350
112150
392
260
328
388
108250
113700
353
276
110800
115900
116000
117000
115600
346
110800
331
112900
113700
112300
320
300
110650
113500
117600
109000
117900
410
412
224
382
116900
200
111200
379
341
117800
112300
114600
115800
109400
113600
112100
295
395
115100
380
395
310
340
238
452
280
670
383
416
263
219
109200
210
403
109200
115100
117400
117500
332
112300
113700
112900
113300
116500
295
110000
109200
110400
110600
390
790
345
534
353
376
328
112100
112800
432
112800
112600
227
389
113400
108800
117600
134200
204
113600
322
326
381
380
493
272
236
117800
341
114300
117700
245
310
117600
389
115150
108150
112400
113100
285
375
384
395
242
240
350
325
286
113700
117800
287
112150
112600
335
115850
115700
111400
114800
235
408
330
377
109000
117500
407
113500
371
399
336
520
380
375
350
113000
347
245
111200
112300
112100
109800
113300
114700
349
126
233
332
113100
115600
296
115450
115500
339
115000
116000
109800
356
347
378
338
334
265
334
110000
272
112900
392
337
218
108400
114700
110800
274
417
430
353
346
114900
113000
112800
250
336
545
112300
361
112400
113500
113800
114800
112250
113100
386
116300
429
115100
259
335
114800
239
324
113900
212
117400
115500
177
365
115500
115900
117600
280
240
112500
113400
350
295
386
391
250
344
335
414
114000
113200
242
110200
135400
115800
400
113500
114500
112000
351
331
365
342
110400
390
116500
116200
353
329
113100
266
108200
114200
356
254
353
112300
112400
115300
396
326
320
415
460
338
110500
311
379
114500
115500
116700
114800
116300
109200
113100
370
212
115900
112500
370
305
356
283
334
385
338
337
330
252
239
114200
113500
112300
205
116100
396
110200
112800
113450
112800
400
339
344
117700
116600
327
267
210
341
364
227
401
101
255
458
315
415
110800
116300
116800
242
414
112400
113600
365
109000
217
115800
359
360
269
112900
429
112000
114500
115900
116100
112200
344
343
105
318
395
115450
116600
115000
108600
315
373
114700
350
308
328
448
382
375
109700
416
408
263
296
252
339
112700
215
225
228
405
206
115100
117400
404
108050
117900
353
109200
216
382
116200
325
117300
379
113100
227
269
222
339
332
485
116
272
239
362
338
114750
108400
111400
340
116800
370
256
109300
230
295
383
135500
114200
112600
242
305
600
371
113700
112300
114800
414
407
113200
112900
115550
109800
326
115000
117100
486
323
258
397
214
378
430
240
384
264
473
357
126
245
110600
116700
351
113000
115650
427
113000
251
110500
335
117100
117600
407
385
117100
112250
307
113100
400
112100
350
327
315
275
374
116850
254
310
116500
117200
227
285
112900
116100
397
108400
404
111600
257
301
290
335
338
345
402
346
386
114550
116050
114700
225
114200
112500
112000
353
117000
108800
386
113100
108200
112300
364
359
114400
263
329
398
325
350
385
114050
116300
109800
394
109200
414
362
386
360
116500
397
359
361
212
350
310
308
115200
112500
320
403
481
338
320
520
402
296
307
240
114900
117500
293
338
365
322
316
391
357
395
244
228
400
332
460
682
385
390
326
316
112000
112700
116000
240
285
112900
110400
318
260
114800
110450
114900
115200
115800
114000
513
316
115500
113300
361
112100
111200
364
108700
114300
340
388
113400
115700
114700
112600
416
375
383
322
300
108600
405
112300
244
117900
111200
117900
110600
398
293
387
103
403
430
320
257
115700
117700
117600
117150
117000
345
248
111400
114500
112900
115700
111600
109600
112900
377
114200
380
335
394
362
357
413
348
290
514
116700
109200
115100
111000
115500
413
428
113250
115300
310
381
112900
114200
117500
338
340
112000
215
310
113900
114500
114300
113550
331
116400
114900
377
326
336
116300
381
244
255
400
405
383
362
583
371
388
204
399
305
117800
379
117000
112200
398
116100
404
108700
113000
115300
116200
385
397
400
112800
400
335
343
300
216
240
255
394
346
405
350
356
287
257
375
392
108600
356
401
117000
112900
251
114250
394
117500
115100
115300
117900
116300
365
395
117600
114400
108000
114300
115600
335
358
115100
279
207
334
478
353
372
388
373
401
108800
284
117200
391
403
112100
341
376
215
455
394
296
245
353
391
113000
112100
116300
112000
377
401
365
115450
371
112100
114100
114100
108800
787
405
376
111600
380
285
200
353
825
105
305
384
169
364
112500
109200
113600
275
110200
250
227
112600
432
115500
114400
368
109800
112100
364
320
228
358
240
770
355
248
113700
116300
113800
272
259
292
114900
112200
117700
114000
114400
316
113200
117400
113500
290
322
109200
114800
427
292
115400
117100
391
218
110600
113700
239
406
329
304
276
109000
109600
240
257
353
113300
114700
112700
308
275
276
256
383
329
401
605
364
345
344
410
219
394
335
115300
410
114700
115800
116400
115200
114700
115200
116100
112000
110000
401
306
111200
287
110800
339
116300
114700
354
110800
350
317
347
114100
392
324
263
342
357
343
309
252
740
344
392
215
110300
112100
110000
385
112000
115900
113300
117400
114700
371
112100
117200
113550
112700
272
117400
114600
113600
109600
114300
378
117800
112100
117800
108600
112700
117900
395
117200
371
115900
115500
165
330
388
317
338
383
392
109400
242
112000
114200
111000
114300
391
113200
427
112500
112900
267
272
350
315
392
348
366
975
705
940
344
112100
115100
348
332
113550
332
369
201
428
365
113200
254
109300
381
115250
524
109600
201
114200
112500
288
115800
113600
113400
239
112700
113900
361
338
251
136
358
224
325
378
249
267
318
372
395
406
248
367
274
346
114200
114600
114050
108650
212
114500
395
404
300
110000
308
113000
304
115300
115700
113100
111600
215
110600
263
392
164
113900
112200
116300
334
117100
115850
116700
324
112300
117900
109600
285
385
380
200
267
315
297
439
298
200
238
116300
219
280
410
117300
227
110800
212
209
402
-1
-1
391
116600
108200
370
112400
117700
116100
280
114600
380
422
264
343
388
389
305
700
332
334
312
385
117300
415
112100
113700
218
370
271
114000
116900
403
114100
115900
113800
269
365
338
114300
108800
115300
113000
115500
320
116200
403
116000
407
215
312
388
264
255
230
343
343
316
225
266
400
338
278
359
263
317
110550
381
410
111900
114000
385
414
358
116500
108600
111700
115300
112800
326
115300
351
116900
114100
112400
275
116700
305
112500
400
113100
116700
209
296
398
387
336
347
218
260
114100
206
133700
205
113650
117000
113400
117300
266
260
115500
416
380
117100
113650
331
336
114500
134100
399
342
109400
114700
111900
117900
353
359
110000
109600
114400
116400
112700
112200
413
111000
114700
367
235
317
570
312
405
113300
112300
115300
230
114000
312
111200
428
319
112300
334
247
396
331
115100
116800
112900
111600
215
114500
305
242
370
583
592
449
408
382
223
110400
114800
114900
115000
266
203
445
248
232
113200
115000
115000
205
397
112900
116300
284
114300
110000
337
340
288
284
222
210
248
117500
371
108200
110800
209
341
115700
555
403
355
117800
115000
112400
362
109650
114900
505
114400
117200
108600
733
262
282
307
345
375
435
440
290
770
509
795
285
198
350
346
112200
383
385
307
211
359
290
377
512
305
315
370
337
115500
115100
335
115700
335
116300
329
114100
270
112400
113000
112300
225
116800
361
387
400
394
110500
117300
413
112600
114600
114600
338
356
489
415
115400
115100
357
113800
409
112750
245
256
402
285
190
507
112900
375
300
114300
359
117100
318
372
321
320
900
115100
116750
108050
116700
111800
396
108600
327
108900
109800
116700
113400
114250
112400
292
325
210
260
111800
113500
110500
108700
220
354
397
245
285
289
114700
116300
113100
114600
115100
114000
133600
111100
233
399
112900
353
233
297
393
699
372
116500
400
116500
326
115000
114600
115200
113000
278
215
370
283
355
103
111600
115500
116500
230
117400
302
111600
116100
220
108200
165
117100
113900
203
116500
398
112400
115100
116500
112300
111000
134000
133450
273
368
510
494
595
370
422
289
394
315
103
109050
110100
111600
110200
292
117400
112800
112000
109600
113600
375
238
404
358
718
380
300
358
372
326
113300
112600
117700
115700
115300
278
338
527
431
403
106
115100
111900
331
329
385
112500
117500
270
285
482
355
318
375
379
114500
112700
115600
493
330
250
278
270
485
386
310
398
215
116100
133600
113200
116100
300
430
292
115900
114400
376
372
382
370
300
383
117200
110150
109600
330
305
326
111850
117800
461
113100
113800
305
295
381
354
750
111400
227
287
117900
113800
357
215
230
113800
109200
116400
260
333
404
691
480
351
345
260
480
115500
117500
318
113900
112300
112000
111450
116300
110200
203
113300
113100
347
117500
311
260
116200
111200
297
113200
680
313
116
370
383
352
110600
400
111450
115600
114300
116300
400
115300
311
115500
116600
116300
358
325
485
345
117600
310
113000
135500
108800
117600
113800
113100
116800
281
332
214
684
406
115800
112700
235
114950
116100
350
357
326
373
240
116400
359
288
117200
233
320
365
133600
133400
388
114100
350
255
388
289
465
112800
113300
306
113700
116300
404
116100
113900
382
330
162
450
330
385
350
420
373
114800
117000
300
526
301
251
431
528
422
320
595
370
295
286
697
795
640
650
270
358
282
330
337
402
332
261
382
109800
116800
117700
116400
385
250
360
112000
263
330
293
380
395
326
330
261
290
428
115800
279
109650
114800
280
429
113000
113200
325
355
115400
330
260
260
235
350
253
320
253
423
385
113700
115300
115300
388
116000
112150
340
300
202
265
262
325
348
365
224
114750
113400
109000
109600
117900
117100
115500
117200
114900
372
113950
356
113000
316
348
251
113600
413
113400
380
363
233
340
270
325
510
111700
109600
388
112900
350
554
430
325
326
115700
115100
375
414
109000
340
239
218
427
367
368
112500
370
400
350
260
305
340
109250
341
410
315
281
375
300
272
115700
113000
117500
112900
254
340
398
382
364
385
308
345
564
406
388
133800
115900
113400
113150
115700
113500
112600
114900
172
391
108300
233
371
350
163
111000
114850
111200
275
340
275
365
905
326
397
615
490
346
380
272
116600
404
388
110400
113400
400
108200
346
111800
275
272
260
385
353
320
117900
113600
348
115000
219
112600
360
114850
332
305
375
398
520
350
279
111400
113100
323
515
113900
290
116800
400
305
117100
431
355
272
391
414
112800
308
110200
227
260
330
397
270
730
360
339
390
334
349
335
117100
268
295
219
414
386
113000
322
295
230
486
280
380
440
438
385
221
394
329
114000
285
418
341
521
109850
205
116900
109400
424
328
211
315
164
377
443
258
112200
111400
117300
116300
114300
420
110000
384
241
650
600
515
278
395
112500
108350
109850
251
111800
113900
422
115000
114300
114700
116500
225
114650
114900
321
117600
269
398
975
398
378
117450
109800
110600
112100
114900
114800
370
111600
114000
113900
318
113700
115400
115000
115700
322
329
392
390
780
302
322
333
113300
323
260
262
390
114100
353
212
374
116300
110600
236
395
211
391
397
341
357
108600
390
113900
362
301
329
358
295
360
368
362
407
117700
282
115600
284
334
353
300
368
332
109100
388
111000
226
208
295
314
317
462
267
337
212
279
109000
117050
109800
372
111200
116700
243
307
280
265
250
537
353
588
608
687
334
112800
280
365
315
347
286
342
377
348
260
515
776
233
308
345
905
396
495
304
255
413
354
111800
110600
113300
325
212
330
315
115000
355
370
115000
353
115200
116200
112300
365
356
337
117700
115900
117800
422
116100
335
386
115300
113550
116800
114900
108600
395
306
116600
385
113100
112800
375
115700
115500
210
360
294
280
410
201
270
356
440
392
115200
365
116000
263
115700
117700
230
116900
278
338
481
273
250
112700
116300
425
115400
210
113700
419
320
415
346
325
353
112200
423
114600
382
114100
260
305
568
351
230
222
405
114900
116400
327
117200
114100
325
116600
109400
371
116100
233
114700
116950
114900
285
111800
112200
113500
327
438
335
906
112800
340
257
111900
109000
221
305
265
116900
114700
410
201
297
111800
113200
220
115900
112900
275
416
475
635
385
278
112700
370
272
308
114300
342
112300
114300
353
307
367
276
388
367
860
117600
110200
383
200
113500
383
112000
117050
109800
113700
272
396
228
370
316
283
351
113200
117900
328
368
255
115400
221
108400
336
114100
115300
363
333
400
420
505
425
425
356
360
383
354
115200
117400
440
334
116400
400
112600
310
355
317
117500
306
272
108300
373
110400
112500
116200
112100
424
379
109600
117800
344
233
362
329
315
321
353
284
235
116700
113000
242
375
411
369
305
432
393
282
342
300
272
405
325
269
388
282
359
362
368
110600
117900
371
117400
109700
114200
112000
242
300
112100
515
114300
326
274
303
295
525
263
332
113700
116300
352
116900
115500
215
389
257
218
112800
480
114600
204
111200
111800
116200
296
320
113700
407
366
391
113400
370
258
330
363
341
350
113600
114100
114500
117500
373
113100
112100
395
112200
255
117900
329
221
113700
245
360
238
290
407
242
515
360
318
112700
392
365
113000
395
340
356
112000
113600
340
406
116600
114300
255
366
347
113400
113200
368
114300
330
376
166
115900
109600
112600
297
114600
368
112100
223
381
730
277
403
377
371
332
113800
338
113000
212
335
428
113300
400
112100
110400
117850
351
111600
363
114000
341
327
114900
116400
116900
113500
114100
115100
344
429
416
280
215
330
305
325
415
412
238
513
242
450
368
115700
340
112100
317
112100
258
116250
400
108400
112300
255
344
112900
112100
114500
373
295
278
209
278
112500
248
116400
284
115900
410
218
356
344
270
292
121
535
340
310
311
114900
115700
114300
349
339
114300
245
270
395
115900
525
113600
457
341
385
114100
113200
367
364
352
310
115900
108400
251
113500
225
113000
329
112500
114100
113300
109400
113600
407
114300
220
369
320
308
490
457
292
331
275
382
315
370
607
115400
370
115500
108400
112700
113100
339
109000
379
111000
352
116800
117600
115200
114100
116500
114000
113300
310
375
113400
264
115500
205
338
338
115800
117300
290
340
475
360
295
285
527
101
201
113700
115100
250
117100
386
284
112900
401
400
420
113400
110400
114500
108200
112100
345
335
115600
415
390
245
340
385
113300
340
365
205
356
116500
116500
340
115100
296
303
407
360
302
116700
115500
116900
345
111250
116700
113900
371
116900
117400
379
109000
387
335
336
203
389
115600
241
112700
385
384
115600
112800
376
116600
430
108400
112900
250
440
418
260
345
272
426
815
394
113400
330
251
112400
245
114900
114300
206
705
112500
112600
115600
117600
113300
117000
207
250
400
368
278
397
260
290
113700
270
266
485
257
388
113900
112900
300
116100
215
389
300
110800
410
680
110150
115200
230
443
284
578
400
340
605
386
113000
315
353
248
330
116600
206
162
335
115300
253
112700
113600
322
248
307
267
694
305
458
224
423
215
114800
233
108350
113100
732
213
117800
395
245
400
336
117300
290
114700
332
258
348
630
112900
221
113300
302
280
263
112500
304
305
330
402
375
298
305
305
274
315
376
830
381
618
509
678
687
275
367
402
410
398
450
338
202
254
206
116100
116800
260
114600
386
112400
111850
112300
113400
392
112300
116400
114600
113600
117700
350
357
337
375
108200
114200
355
287
116200
341
116800
108200
306
220
115700
313
113950
330
116800
113700
114700
116500
352
113800
113000
221
111600
425
285
193
345
385
108800
111000
325
114200
369
280
356
375
314
445
635
253
308
330
411
367
382
356
115300
108400
116700
114700
230
343
116400
115800
117200
288
114300
328
316
236
381
319
370
116900
110600
379
112300
109250
200
226
112500
114200
340
112400
290
330
324
480
275
110800
344
380
113500
112300
290
305
247
352
210
299
381
212
315
453
340
350
983
335
115500
394
310
325
391
272
117100
109200
253
201
289
410
465
112050
245
114100
110700
347
110600
112200
407
110600
116200
335
116000
212
201
111400
110000
113000
117600
371
108800
113700
114500
228
378
445
117800
116900
113700
257
368
355
329
340
290
680
249
112600
108300
234
116800
391
115400
218
315
111
399
260
113800
117300
114800
350
277
332
420
334
330
215
110650
115400
337
113400
290
112100
373
344
433
591
320
315
375
209
416
363
112300
270
115100
257
116600
353
272
388
327
112100
249
361
432
310
921
340
394
400
263
305
109200
109400
113800
301
113800
400
110000
338
117500
117400
112000
112000
111400
117700
110000
110800
377
255
396
115300
368
371
117300
339
282
111200
351
116800
112900
108800
210
360
477
960
322
109600
414
110000
332
243
330
224
402
380
458
221
335
110800
284
112200
360
405
300
116900
368
257
116100
111600
326
113500
302
336
285
326
672
329
336
279
114600
111200
326
115300
332
112600
112000
393
108400
111800
378
359
284
348
283
295
695
286
117100
415
317
110400
301
303
391
372
272
275
260
115100
379
257
212
115500
415
275
424
111000
326
407
260
305
407
424
112700
329
392
320
493
330
235
360
113300
109400
394
359
112500
366
375
115700
335
113500
111100
112500
338
419
371
474
643
116400
116200
362
109400
391
114900
236
407
602
335
708
850
214
109
383
312
268
367
305
379
205
330
376
338
296
311
479
416
356
368
219
329
375
116100
266
112500
347
115200
115100
348
116750
110200
110600
114400
390
373
395
241
117100
515
115150
116700
390
274
334
421
111600
117000
113350
116600
114500
116400
111500
220
280
310
330
108850
239
116800
114800
109600
108400
375
365
116800
116200
115200
115950
114100
110450
113500
290
408
117100
115700
431
111100
257
362
319
232
345
395
310
325
330
208
414
397
341
278
113500
336
367
113800
413
382
230
108800
351
115400
332
112900
343
245
113400
245
332
110400
347
111200
330
117000
255
569
407
260
271
423
115200
111000
350
113900
284
113300
111000
348
110000
114100
209
355
283
112800
113600
221
255
300
280
113100
112300
245
268
408
247
305
113600
411
114400
114800
116300
112900
114000
373
224
113900
266
114300
115800
359
323
359
111800
397
490
344
116800
114700
283
110400
115500
220
424
340
357
116500
305
108600
114100
113100
117800
373
529
382
304
283
366
410
385
588
379
275
408
109800
117000
112100
333
365
111350
395
108600
113000
257
115800
366
114000
241
387
306
332
405
398
202
358
385
310
352
332
404
341
326
425
397
115400
215
112100
115700
115450
114750
383
116900
113200
109400
114900
356
113900
385
388
290
269
113600
113300
398
426
389
375
230
114300
117200
113300
112000
383
363
108050
365
112300
115900
115700
338
114200
110800
115300
114000
268
108200
112900
212
357
113600
108400
113400
410
343
279
282
255
345
200
330
117600
115300
115700
381
114800
110200
111600
114700
115400
423
111600
117700
412
272
489
246
111450
114000
465
112150
113750
441
300
368
114500
115100
285
330
113300
358
114200
310
326
114300
113500
212
330
356
414
114100
114000
113300
117100
115300
265
117100
112300
114100
115100
114000
117700
164
117700
382
227
368
434
350
215
219
378
442
375
410
302
330
111400
117200
113400
344
325
326
117300
376
372
112200
112300
112800
320
335
113600
356
112800
350
108700
113500
114200
398
256
116500
113400
110400
251
116600
387
414
116100
109200
307
360
337
534
505
515
644
270
344
266
395
341
414
434
114000
108050
384
115700
113500
280
244
109200
112300
112000
116600
117100
362
116300
355
400
117200
382
417
109000
114700
353
415
113900
387
115100
415
113300
113300
387
116100
400
344
300
254
341
244
315
290
355
371
365
662
316
357
435
230
112000
365
323
230
113900
428
357
116600
333
112600
458
117000
248
314
115600
113500
115500
112100
110800
375
112900
370
210
287
328
252
114800
330
117600
329
408
312
357
347
340
338
866
365
370
588
114000
395
115900
250
220
110400
116500
366
113700
355
417
115300
117300
117700
116600
114900
340
115500
115900
310
255
290
330
761
323
410
453
108600
112250
371
114550
112600
350
114400
114200
355
115400
113900
387
110900
280
116500
225
220
412
112200
426
108800
206
368
303
305
305
253
298
357
418
317
352
535
386
330
382
296
108900
115700
109500
117500
349
113400
113900
230
300
362
375
112700
113100
115700
108400
117300
114900
250
113300
387
420
414
113900
112700
110000
113300
314
227
117200
529
113300
116300
114700
257
372
360
205
345
399
376
338
690
245
743
116900
112100
117500
323
113800
230
278
399
114600
270
112600
113700
257
415
330
395
115200
334
113200
117000
114300
407
409
290
357
273
420
316
108150
115800
112400
318
110100
429
108400
109800
108400
112200
117900
115400
114000
108400
117850
292
444
310
340
777
245
340
404
260
342
410
101
116600
397
114900
218
112100
115300
113400
386
370
110600
114400
293
522
317
281
114500
116400
365
369
392
112300
333
115500
113200
315
117400
112300
117300
350
345
321
134100
114300
110600
115100
117900
116300
113000
112000
116500
115600
365
113000
108600
317
113100
112900
116000
113800
109600
320
356
369
382
201
415
791
405
243
414
326
115200
111200
108600
409
414
112200
356
116700
116100
117000
116300
117350
113100
319
113000
116500
117500
362
345
233
116600
117700
260
116500
617
335
251
403
112500
112100
388
111400
110800
116500
116500
116200
275
117900
113700
114300
111600
490
405
117700
348
333
113000
112700
216
310
338
129
385
830
335
360
255
490
415
112600
116800
113750
113850
111800
407
112400
108500
321
108400
113200
269
350
114400
275
391
109200
368
391
505
241
111400
265
109200
112100
372
384
384
350
242
109000
403
117000
267
386
285
109000
385
115200
117000
417
209
116400
109200
428
112500
114700
117800
365
282
965
233
281
242
114000
350
109800
227
334
116000
264
117500
115300
117200
386
280
440
755
664
949
257
287
400
670
315
347
995
822
108000
323
115500
329
112100
112900
117800
112100
165
116100
113700
116600
240
112800
117050
117500
358
221
413
111800
112300
108600
114000
276
227
117500
115300
115500
111800
312
117000
210
117600
393
116700
348
112900
113600
395
345
117500
254
347
268
398
333
114500
316
373
113500
108800
116600
112000
242
111200
110850
430
110000
311
115700
113300
110000
113900
114900
371
113900
280
377
114500
113700
395
117300
230
114500
311
492
257
112000
300
376
325
210
362
116800
113600
116800
108400
109600
114100
114000
360
355
112700
203
265
114700
114500
270
495
232
325
348
205
358
108600
210
114200
108800
112300
117600
331
371
527
214
112900
316
117100
108400
368
374
284
206
209
234
385
400
113100
115300
317
108800
117900
315
290
373
114800
112900
117700
300
117700
116400
410
404
290
407
346
117400
378
115400
117300
111800
115300
112300
117300
392
385
428
115600
112500
115100
116300
398
108400
113100
112200
113200
113900
115500
244
302
330
256
579
315
200
110450
346
113700
434
325
113300
307
115000
345
292
111000
111400
114000
270
375
385
278
114300
200
114200
112700
477
269
116500
115800
113300
350
109800
113500
356
112800
115700
383
410
117700
240
117500
339
382
250
426
276
284
364
330
112700
295
257
112300
302
308
112500
390
303
820
332
332
351
116200
381
347
110450
115000
375
114800
109800
242
113200
167
403
358
114100
375
321
415
335
350
376
379
213
114800
113800
285
114300
418
422
113200
116900
116000
112200
116500
346
442
322
116000
114700
268
163
518
409
266
267
112600
114000
116400
270
112700
113300
114400
323
215
115300
113300
112500
264
290
112300
356
420
313
373
400
366
385
227
465
274
347
304
113900
115900
303
446
112900
272
327
113300
117400
114200
112300
115700
405
112500
115900
114500
113900
358
227
342
324
370
394
326
365
521
219
268
403
114500
116900
110850
415
114100
269
393
113600
227
112500
115900
385
114900
117000
335
117800
114500
393
113850
230
416
293
112200
117700
371
116000
115500
260
285
290
349
230
118
643
368
352
270
114800
117200
114500
110400
116800
356
348
116700
109800
365
108700
115900
306
270
359
468
111600
360
108400
215
256
114200
110400
114600
290
265
307
494
338
375
980
248
745
299
117700
114300
115400
116300
389
114200
116400
115100
110200
371
302
116100
352
115900
378
382
116600
116600
116200
116100
116200
116200
114700
112500
117700
115300
116600
117500
116000
113800
328
325
108800
328
318
266
114300
108450
384
116300
421
400
113600
113400
212
423
333
415
360
310
325
114900
113300
253
112100
116700
450
395
408
359
108250
210
369
406
338
117200
109200
115300
114400
117300
115700
335
113100
374
227
112250
113100
413
445
374
270
376
323
312
237
129
353
338
420
366
114100
116500
225
350
112100
112900
220
114400
117100
111400
358
388
345
113800
352
331
116000
112500
403
115200
109700
115500
299
330
310
400
365
344
114600
108200
108400
350
290
113500
276
115100
116500
521
371
116000
341
406
350
389
114300
386
115800
204
243
110700
336
115400
276
278
380
410
234
419
112900
116300
112200
315
234
320
353
272
113300
112700
117800
366
370
115800
113100
309
114200
290
257
208
340
322
213
364
385
117500
299
115600
364
343
115300
371
117250
345
251
269
371
116400
113
307
465
272
287
372
708
214
617
390
360
228
725
263
111700
290
113500
112500
110100
335
907
373
380
220
278
239
110800
375
117400
114600
112700
291
295
380
268
264
345
212
111200
117400
390
382
112300
212
117800
112100
230
114100
370
272
113300
368
339
114700
380
940
290
905
268
236
116000
269
245
390
260
113900
114300
375
220
359
485
275
300
469
915
260
300
430
283
880
379
250
300
528
965
795
116100
285
348
116800
353
113800
312
293
110200
113200
114000
113600
350
116000
305
215
204
662
109600
372
350
410
371
209
338
245
116600
393
208
112400
248
230
408
422
115400
380
116100
350
332
117300
272
117700
395
110700
360
109650
233
397
405
380
114100
113500
370
326
212
338
116000
121
400
344
388
450
379
412
116900
312
344
116300
256
115300
524
113500
326
399
337
366
414
349
109200
250
315
114200
112300
116500
372
110400
241
442
325
485
321
385
117700
345
235
285
115700
115600
355
330
117700
415
114200
275
114300
114200
220
114200
335
235
390
335
345
315
103
970
240
375
414
111400
113700
330
335
326
300
366
272
109700
308
114600
114400
405
524
285
227
325
334
115900
356
327
396
426
114800
281
296
368
110650
400
385
113700
378
790
278
109650
842
108
490
605
263
110300
108600
227
283
114500
117600
282
295
305
923
451
598
650
272
277
296
208
332
335
310
307
115800
115600
113300
114000
109600
117400
116600
380
390
110400
115200
397
344
319
114500
113600
115900
310
321
305
425
117400
114700
111200
112250
115200
113700
114200
113300
112600
115700
241
116800
317
393
268
678
226
114300
111450
113300
115200
260
113600
109000
109400
382
342
334
320
205
117500
247
324
113000
108200
379
392
114000
347
116600
116300
112400
356
116900
274
112800
112900
112700
112250
411
348
325
275
441
355
365
112500
112050
325
116600
113600
113700
410
322
230
350
233
116300
113300
114900
345
334
344
220
353
112400
111400
480
113400
417
117100
115100
112600
275
405
115800
117300
117700
115800
112500
355
113100
114800
115950
368
113800
281
113100
109400
277
284
112900
236
117800
113100
112700
115100
405
332
115300
112300
117100
114500
108300
116100
113700
268
382
115400
241
117100
370
101
114300
113150
116300
117100
116100
380
114500
208
342
113400
112100
395
112500
114300
114300
114200
111000
112200
113500
117200
348
280
375
418
259
112700
113900
112900
114500
112400
117400
114100
117200
116800
375
112300
115100
116100
116500
112700
400
364
206
112100
108200
404
113800
113800
257
113900
113600
380
113100
239
333
295
370
115500
334
110400
433
114850
116300
697
212
117800
116200
114100
112800
114000
326
398
820
230
400
112300
117900
266
465
373
385
304
365
116600
114400
278
294
117300
114100
377
337
280
369
230
365
362
116700
285
115100
113100
322
112200
113000
113000
112900
326
402
113700
358
114000
115250
381
397
282
367
390
291
345
112700
112700
405
117000
338
116500
114300
113300
117500
358
314
468
115500
350
350
219
108200
114700
115600
114100
346
112300
113700
113000
325
114400
460
299
353
116700
370
295
114600
332
114000
352
280
224
114500
113700
113100
635
368
329
116400
327
112700
108400
230
415
244
112800
237
335
361
887
949
678
283
323
233
219
342
350
318
375
742
117100
336
490
114100
412
114900
355
112500
203
372
115600
366
258
225
356
399
395
218
113600
332
335
344
335
439
325
407
115200
115000
114800
115800
113900
111500
452
395
296
380
117100
115000
221
248
398
325
287
420
112200
203
591
280
112200
371
369
114500
254
114100
113600
116900
117600
113300
274
440
678
117900
374
116600
345
218
201
320
336
323
330
340
362
209
115300
108200
360
116900
426
440
315
385
109400
112800
115900
265
113000
287
117600
374
114200
113300
365
383
346
468
421
114600
224
112100
116400
112300
458
397
298
525
408
270
393
111600
303
246
205
352
239
108600
115900
383
108800
112800
377
750
323
458
112100
248
526
341
400
289
230
326
113700
112400
524
278
114500
112900
114700
365
122
368
113500
113200
386
337
109300
450
382
114850
419
110200
380
102
389
306
115700
572
389
248
372
113900
109600
115800
302
230
460
350
329
114500
214
113100
111800
410
242
110100
404
266
257
395
338
332
333
114200
326
117000
353
113100
325
117300
113500
114500
112400
235
281
340
116100
173
109900
236
615
379
117800
272
365
133800
115400
332
312
515
112500
350
392
235
400
218
278
344
302
325
110300
116700
205
290
113400
277
417
346
755
109800
111000
401
220
117700
305
385
110600
376
113300
115800
112400
200
260
335
221
260
380
113700
359
245
117700
379
356
114500
115700
203
116500
113800
370
344
112700
251
113500
108900
372
341
256
113900
113300
200
109000
218
116100
247
117500
382
115900
112800
117600
329
276
113200
334
115200
205
112500
113100
216
117400
113000
332
117900
204
347
396
112300
263
112200
265
115400
114200
112000
344
212
223
413
236
276
113900
115100
275
359
201
116900
113000
225
113500
214
300
200
237
115800
325
113100
114900
269
489
399
825
371
347
223
117000
358
112700
116000
111400
363
351
201
395
103
336
330
248
335
305
241
289
110600
112600
250
113400
112000
112900
269
113700
114500
340
112100
230
366
116700
242
334
338
113600
112900
385
115050
207
109000
269
113100
108600
290
368
112500
115200
287
722
284
398
114600
113300
113800
115500
114600
317
113000
276
117200
114600
112400
382
401
303
379
162
382
338
113500
112800
113600
320
113800
113700
114900
113300
326
115700
117300
114100
113100
115800
112700
114900
257
315
112100
213
112250
113900
112800
114000
114300
205
377
112400
112300
109600
287
113500
235
112400
117350
115900
382
115700
116500
215
321
302
235
409
320
113000
332
253
112900
250
328
235
116550
212
215
113000
415
112700
390
249
380
365
109300
250
116300
335
117300
218
514
112300
114100
113700
112500
112700
115900
117700
116600
516
114300
389
115500
112300
113600
205
355
115000
112100
116200
115600
114200
373
346
256
218
239
112300
117200
116600
112700
340
115400
116700
114700
112900
290
113800
290
113700
112600
117400
114100
117300
113500
223
115900
112150
344
396
236
112800
117700
402
115500
114100
362
112000
109200
112500
114500
266
805
395
310
282
259
305
111700
274
408
375
295
215
113700
367
112900
114100
321
110800
295
113900
117200
113400
113000
268
432
326
117700
115700
245
215
112300
435
116700
233
302
257
117600
114900
224
349
108600
385
116000
201
369
615
264
328
326
379
116600
359
338
292
356
369
300
378
113200
209
115600
112500
445
375
475
525
905
224
295
397
399
266
115500
236
407
325
340
113800
376
114700
112800
114500
344
113800
217
707
340
733
520
348
435
335
203
275
263
339
372
265
404
236
116800
341
526
230
518
201
361
266
366
110800
117100
272
300
284
317
387
264
395
375
430
109100
389
352
423
116850
253
295
372
113300
489
207
112700
251
398
304
204
263
219
116200
395
242
330
414
236
219
112700
389
359
109700
344
281
258
201
286
115300
397
397
242
400
345
332
112900
276
403
370
485
625
110050
369
116700
290
348
113400
273
310
112300
368
486
418
222
340
280
114300
287
114800
201
215
342
201
356
246
260
353
114300
404
254
201
112100
400
356
109200
368
378
385
133700
348
308
317
111400
354
203
