70.0
83.0
209.0
193.0
2210.0
25.0
1000.0
974.0
250.0
191.0
1720.0
2426.0
2449.0
934.0
2005.0
68.0
2303.0
1413.0
877.0
1394.0
2499.0
2785.0
1963.0
193.0
1949.0
1825.0
2648.0
1540.0
1005.0
2025.0
709.0
1620.0
773.0
650.0
729.0
688.0
3473.0
1136.0
289.0
1257.0
600.0
850.0
1670.0
2841.0
2595.0
1888.0
3800.0
676.0
1552.0
836.0
2625.0
959.0
317.0
238.0
347.0
2985.0
320.0
609.0
1500.0
776.0
97.0
1340.0
96.0
2352.0
1048.0
4026.0
2074.0
2190.0
142.0
2700.0
2147.0
2216.0
2216.0
2450.0
1999.0
3066.0
2738.0
3656.0
774.0
1068.0
425.0
2499.0
2230.0
19.0
66.0
1473.0
233.0
322.0
570.0
2280.0
314.0
13.0
1434.0
3603.0
108.0
887.0
517.0
593.0
184.0
19.0
57.0
57.0
2514.0
1811.0
752.0
47.0
1908.0
1256.0
229.0
1950.0
59.0
243.0
710.0
223.0
1240.0
10.0
420.0
6862.0
1810.0
49.0
830.0
23.0
5743.0
1301.0
470.0
581.0
98.0
141.0
13.0
205.0
78.0
5450.0
26.0
26.0
100.0
1200.0
1120.0
510.0
193.0
70.0
30.0
32.0
30.0
20.0
61.0
689.0
61.0
49.0
61.0
181.0
862.0
987.0
332.0
36.0
925.0
295.0
1476.0
600.0
266.0
920.0
7656.0
2936.0
1278.0
260.0
1804.0
270.0
569.0
1265.0
80.0
708.0
63.0
2066.0
170.0
284.0
1160.0
2091.0
302.0
112.0
935.0
86.0
1542.0
1290.0
624.0
551.0
65.0
771.0
1191.0
868.0
6112.0
3356.0
640.0
640.0
1462.0
4028.0
1080.0
790.0
88.0
1221.0
84.0
221.0
440.0
114.0
970.0
715.0
3925.0
1518.0
530.0
1153.0
1290.0
1207.0
33.0
863.0
88.0
660.0
884.0
2261.0
430.0
2142.0
1462.0
1404.0
815.0
63.0
735.0
104.0
354.0
285.0
2053.0
59.0
1479.0
1622.0
89.0
4620.0
2085.0
115.0
237.0
20.0
-10.0
59.0
30.0
84.0
6.0
921.0
44.0
275.0
1434.0
136.0
996.0
148.0
190.0
37.0
331.0
1276.0
66.0
1447.0
793.0
170.0
587.0
31.0
2211.0
46.0
367.0
842.0
865.0
82.0
7535.0
166.0
3923.0
1150.0
26.0
30.0
91.0
1572.0
361.0
91.0
8427.0
354.0
47.0
282.0
200.0
297.0
55.0
33.0
2264.0
184.0
233.0
-7.0
886.0
801.0
9978.0
74.0
1506.0
44.0
15.0
16.0
842.0
287.0
17.0
54.0
11997.0
11300.0
760.0
108.0
283.0
3348.0
2749.0
313.0
174.0
2960.0
2960.0
982.0
3170.0
1526.0
78.0
314.0
400.0
62.0
358.0
2582.0
164.0
878.0
1390.0
10.0
322.0
1589.0
5327.0
86.0
980.0
1630.0
1302.0
6412.0
750.0
1335.0
1350.0
35.0
45.0
284.0
680.0
8000.0
643.0
3546.0
295.0
95.0
753.0
856.0
175.0
312.0
1018.0
361.0
6.0
65.0
56.0
1361.0
845.0
4315.0
4315.0
22.0
341.0
300.0
348.0
588.0
174.0
174.0
1049.0
260.0
536.0
854.0
4659.0
140.0
88.0
574.0
5354.0
5462.0
5440.0
141.0
1459.0
97.0
3552.0
291.0
50.0
2287.0
370.0
1627.0
588.0
55.0
3989.0
3274.0
1673.0
1857.0
3156.0
7.0
538.0
1716.0
218.0
172.0
455.0
710.0
1810.0
495.0
186.0
174.0
218.0
187.0
15.0
7661.0
668.0
519.0
627.0
1850.0
850.0
1178.0
10.0
401.0
233.0
820.0
10.0
135.0
956.0
934.0
13.0
32.0
9022.0
272.0
54.0
192.0
947.0
947.0
93.0
1000.0
367.0
2244.0
-82.0
5.0
245.0
3503.0
40.0
1535.0
1750.0
239.0
424.0
349.0
1542.0
68.0
1799.0
4952.0
1210.0
35.0
35.0
994.0
554.0
679.0
710.0
413.0
1474.0
545.0
2021.0
491.0
61.0
769.0
770.0
10.0
212.0
407.0
66.0
66.0
6319.0
1210.0
708.0
60.0
3960.0
1380.0
550.0
92.0
108.0
8994.0
1636.0
150.0
177.0
167.0
4860.0
240.0
823.0
870.0
1247.0
12.0
90.0
378.0
1037.0
2774.0
886.0
98.0
700.0
165.0
72.0
64.0
163.0
1080.0
270.0
1147.0
4783.0
1147.0
24.0
4025.0
301.0
140.0
1450.0
1719.0
300.0
879.0
4536.0
3231.0
3084.0
3717.0
114.0
295.0
11.0
447.0
2776.0
108.0
878.0
33.0
1818.0
1818.0
1818.0
3330.0
500.0
755.0
1625.0
1620.0
58.0
164.0
151.0
1184.0
36.0
1080.0
3657.0
412.0
1816.0
370.0
2908.0
30.0
2982.0
268.0
180.0
2488.0
262.0
1713.0
146.0
2148.0
2530.0
82.0
30.0
1860.0
258.0
479.0
246.0
9040.0
3057.0
928.0
836.0
48.0
23.0
1450.0
10.0
2726.0
8.0
2692.0
1752.0
115.0
1404.0
60.0
49.0
305.0
11.0
450.0
16.0
3281.0
24.0
388.0
1081.0
810.0
598.0
700.0
160.0
167.0
66.0
430.0
31.0
1555.0
320.0
33.0
9.0
10.0
1247.0
4715.0
150.0
155.0
251.0
47.0
310.0
60.0
269.0
810.0
620.0
54.0
194.0
54.0
258.0
130.0
60.0
660.0
1690.0
82.0
82.0
146.0
92.0
219.0
850.0
4347.0
142.0
415.0
707.0
2100.0
3263.0
4170.0
15.0
1819.0
10.0
720.0
954.0
1780.0
1100.0
62.0
4242.0
514.0
860.0
3958.0
2737.0
2887.0
331.0
110.0
3130.0
110.0
600.0
975.0
169.0
169.0
4907.0
100.0
27.0
160.0
359.0
1082.0
2670.0
197.0
2945.0
55.0
5468.0
199.0
215.0
45.0
60.0
483.0
968.0
958.0
10.0
1098.0
34.0
70.0
1667.0
80.0
1180.0
70.0
800.0
325.0
2889.0
2589.0
39.0
30.0
1677.0
540.0
1300.0
1230.0
417.0
590.0
4110.0
3041.0
46.0
3808.0
896.0
586.0
129.0
1841.0
10.0
12.0
95.0
2605.0
871.0
5734.0
4952.0
4952.0
1410.0
1250.0
738.0
1352.0
5956.0
18.0
140.0
23.0
450.0
240.0
92.0
1226.0
3360.0
1230.0
5580.0
54.0
18.0
50.0
581.0
1279.0
380.0
312.0
115.0
21.0
419.0
2500.0
1641.0
1230.0
486.0
1073.0
189.0
101.0
5.0
4453.0
419.0
594.0
44.0
550.0
921.0
900.0
1161.0
341.0
157.0
3650.0
106.0
2900.0
751.0
410.0
1326.0
14.0
886.0
1788.0
55.0
3051.0
1509.0
10.0
51.0
4416.0
141.0
131.0
761.0
109.0
161.0
880.0
1730.0
40.0
531.0
1736.0
810.0
28.0
141.0
1267.0
30.0
1325.0
985.0
566.0
3.0
433.0
103.0
433.0
16.0
4065.0
2576.0
16.0
49.0
11.0
13.0
274.0
42.0
1840.0
68.0
500.0
800.0
42.0
800.0
676.0
666.0
666.0
1143.0
1755.0
83.0
1600.0
2700.0
6.0
156.0
279.0
1125.0
32.0
2960.0
9906.0
9770.0
2876.0
1230.0
2082.0
131.0
265.0
636.0
518.0
20.0
542.0
7550.0
934.0
1267.0
6949.0
382.0
1716.0
10.0
158.0
1812.0
1460.0
10.0
230.0
10.0
540.0
214.0
169.0
930.0
6464.0
8250.0
451.0
834.0
575.0
1259.0
1962.0
2149.0
715.0
85.0
1250.0
3543.0
2241.0
331.0
6934.0
558.0
730.0
55.0
112.0
590.0
2042.0
67.0
120.0
10.0
499.0
2444.0
2444.0
3974.0
236.0
1608.0
1898.0
229.0
145.0
5866.0
40.0
258.0
766.0
296.0
120.0
853.0
1328.0
332.0
520.0
5785.0
3877.0
476.0
226.0
4085.0
15.0
286.0
195.0
1230.0
1942.0
200.0
36.0
157.0
70.0
882.0
253.0
2430.0
45.0
930.0
131.0
2786.0
1312.0
50.0
49.0
151.0
20.0
11.0
138.0
634.0
128.0
420.0
2925.0
233.0
135.0
16.0
7.0
900.0
630.0
3020.0
187.0
2176.0
991.0
531.0
107.0
1618.0
730.0
404.0
128.0
1575.0
4068.0
54.0
890.0
4045.0
69.0
50.0
190.0
59.0
20.0
780.0
9845.0
12.0
24.0
68.0
12.0
893.0
184.0
274.0
274.0
26.0
4220.0
1797.0
940.0
75.0
800.0
20.0
5252.0
94.0
750.0
485.0
4326.0
405.0
614.0
358.0
1571.0
565.0
50.0
966.0
4200.0
4100.0
26.0
1048.0
213.0
14.0
295.0
1060.0
998.0
805.0
292.0
4230.0
720.0
700.0
41.0
1048.0
295.0
288.0
1740.0
125.0
130.0
39.0
15.0
518.0
800.0
1880.0
331.0
4430.0
246.0
190.0
66.0
199.0
10.0
1144.0
89.0
277.0
1530.0
330.0
74.0
177.0
54.0
14.0
1295.0
400.0
1.0
370.0
13.0
200.0
725.0
13412.0
211.0
692.0
1490.0
256.0
4955.0
13.0
7.0
167.0
961.0
326.0
1522.0
114.0
217.0
1522.0
4440.0
255.0
538.0
2473.0
1152.0
56.0
56.0
44.0
1910.0
200.0
1588.0
8360.0
365.0
1604.0
2110.0
8360.0
3.0
3.0
39.0
14.0
935.0
50.0
197.0
44.0
197.0
220.0
370.0
22.0
4783.0
10.0
5.0
1319.0
86.0
312.0
665.0
8.0
5.0
1394.0
450.0
10.0
616.0
36.0
3505.0
90.0
97.0
325.0
3273.0
5464.0
292.0
433.0
303.0
77.0
146.0
633.0
151.0
778.0
6217.0
4630.0
1920.0
215.0
955.0
305.0
17.0
50.0
241.0
1479.0
173.0
342.0
205.0
6561.0
941.0
39.0
53.0
867.0
255.0
6223.0
1289.0
2822.0
1093.0
1570.0
357.0
803.0
7606.0
751.0
1158.0
80.0
33.0
17.0
13.0
93.0
113.0
20.0
1153.0
340.0
1035.0
356.0
2631.0
495.0
601.0
394.0
1833.0
13.0
630.0
24.0
28.0
357.0
123.0
2451.0
3490.0
87.0
36.0
532.0
751.0
1234.0
88.0
7230.0
603.0
1012.0
82.0
488.0
772.0
33.0
486.0
131.0
191.0
1035.0
418.0
104.0
191.0
2569.0
2569.0
314.0
39.0
765.0
1130.0
5091.0
702.0
794.0
696.0
614.0
49.0
484.0
614.0
28.0
220.0
870.0
4230.0
52.0
17.0
3938.0
6550.0
27.0
300.0
1196.0
1530.0
318.0
221.0
185.0
1.0
1265.0
295.0
3501.0
272.0
3904.0
2450.0
501.0
1430.0
1762.0
1463.0
31.0
640.0
66.0
170.0
26.0
895.0
1220.0
540.0
7050.0
552.0
800.0
1069.0
691.0
121.0
331.0
1351.0
865.0
1549.0
1605.0
370.0
486.0
100.0
3158.0
3159.0
69.0
693.0
1839.0
732.0
569.0
124.0
618.0
3150.0
1043.0
62.0
1469.0
257.0
3772.0
10.0
750.0
15.0
690.0
25.0
1442.0
815.0
5164.0
908.0
625.0
625.0
792.0
1072.0
228.0
570.0
565.0
85.0
565.0
1040.0
269.0
2782.0
480.0
565.0
39.0
23.0
1459.0
3250.0
594.0
3671.0
1220.0
2690.0
1080.0
6411.0
1686.0
5570.0
355.0
2153.0
850.0
30.0
26.0
833.0
4794.0
2290.0
532.0
10.0
4.0
990.0
2467.0
120.0
10.0
88.0
3117.0
710.0
239.0
700.0
270.0
1278.0
1437.0
464.0
520.0
189.0
26.0
883.0
850.0
69.0
5348.0
553.0
90.0
288.0
34.0
1777.0
97.0
2170.0
18.0
5780.0
56.0
830.0
498.0
700.0
892.0
967.0
750.0
1322.0
1875.0
179.0
40.0
400.0
240.0
40.0
40.0
2834.0
2828.0
2828.0
20.0
40.0
625.0
10.0
2038.0
2038.0
500.0
325.0
630.0
538.0
18.0
522.0
1585.0
52.0
60.0
203.0
98.0
758.0
440.0
2988.0
189.0
634.0
93.0
1246.0
23.0
368.0
2392.0
630.0
2080.0
1007.0
445.0
2303.0
993.0
289.0
530.0
27.0
3780.0
2988.0
45.0
560.0
45.0
165.0
715.0
641.0
452.0
39.0
1100.0
618.0
1295.0
1600.0
1612.0
151.0
1180.0
539.0
30.0
1470.0
135.0
4313.0
1610.0
355.0
461.0
1070.0
1576.0
925.0
108.0
382.0
14.0
400.0
20.0
699.0
587.0
4008.0
4462.0
8975.0
4462.0
200.0
2850.0
1003.0
4101.0
1003.0
88.0
218.0
3840.0
760.0
10987.0
762.0
236.0
450.0
879.0
70.0
36.0
36.0
761.0
545.0
460.0
250.0
4280.0
176.0
200.0
655.0
388.0
1235.0
710.0
593.0
960.0
966.0
125.0
125.0
315.0
110.0
218.0
370.0
505.0
1762.0
1762.0
799.0
1310.0
2472.0
165.0
6156.0
210.0
680.0
26.0
245.0
6210.0
12.0
1205.0
9.0
102.0
643.0
295.0
450.0
457.0
1645.0
4798.0
312.0
15.0
15.0
328.0
328.0
363.0
637.0
637.0
3012.0
653.0
115.0
574.0
333.0
562.0
1585.0
2661.0
768.0
1214.0
681.0
54.0
49.0
914.0
1760.0
785.0
1530.0
785.0
55.0
33.0
2020.0
20.0
2033.0
570.0
253.0
33.0
96.0
96.0
4654.0
280.0
105.0
2057.0
98.0
75.0
670.0
170.0
89.0
120.0
3019.0
275.0
110.0
525.0
11758.0
300.0
1051.0
4915.0
1380.0
24.0
2298.0
361.0
4675.0
9.0
655.0
262.0
700.0
590.0
471.0
880.0
2565.0
540.0
213.0
1417.0
3609.0
254.0
5860.0
8679.0
198.0
15.0
1154.0
3888.0
1283.0
5440.0
352.0
436.0
641.0
645.0
174.0
708.0
3175.0
15.0
516.0
65.0
1600.0
955.0
6104.0
2126.0
400.0
65.0
44.0
653.0
773.0
23.0
2756.0
10.0
250.0
4020.0
594.0
685.0
12.0
2527.0
115.0
1611.0
726.0
2520.0
1109.0
574.0
10.0
213.0
1289.0
54.0
2254.0
144.0
407.0
3176.0
3176.0
780.0
1100.0
726.0
118.0
1790.0
909.0
43.0
-1.0
680.0
3335.0
39.0
141.0
122.0
398.0
1071.0
119.0
1430.0
1020.0
158.0
5260.0
305.0
940.0
13000.0
54.0
2663.0
612.0
4210.0
1463.0
880.0
472.0
1495.0
852.0
127.0
105.0
999.0
3000.0
2589.0
1707.0
6388.0
778.0
2077.0
680.0
7300.0
509.0
1255.0
370.0
21.0
700.0
7720.0
2560.0
35.0
35.0
20.0
3637.0
1630.0
1008.0
116.0
802.0
48.0
2047.0
298.0
80.0
758.0
2212.0
373.0
1503.0
17.0
2306.0
191.0
800.0
362.0
4374.0
117.0
776.0
43.0
25.0
2530.0
2250.0
990.0
70.0
82.0
8355.0
155.0
160.0
1149.0
1398.0
98.0
361.0
4963.0
580.0
1086.0
6660.0
4150.0
271.0
700.0
4100.0
43.0
940.0
631.0
4600.0
710.0
49.0
1932.0
1384.0
175.0
58.0
600.0
935.0
333.0
684.0
37.0
200.0
1090.0
4160.0
295.0
151.0
284.0
182.0
748.0
810.0
6990.0
1000.0
497.0
4035.0
1450.0
117.0
315.0
5270.0
810.0
3750.0
77.0
98.0
84.0
400.0
2519.0
1130.0
638.0
1082.0
1077.0
830.0
2162.0
100.0
394.0
1140.0
1550.0
380.0
1782.0
487.0
474.0
1250.0
6373.0
163.0
23.0
1840.0
505.0
2128.0
878.0
1128.0
2130.0
1224.0
900.0
827.0
1120.0
48.0
732.0
669.0
1070.0
79.0
10.0
810.0
4211.0
8552.0
49.0
19.0
360.0
1121.0
369.0
85.0
67.0
50.0
50.0
189.0
2354.0
1400.0
620.0
32.0
1380.0
258.0
3189.0
30.0
1076.0
1041.0
6539.0
1329.0
1200.0
1270.0
1644.0
3617.0
550.0
541.0
59.0
81.0
1100.0
190.0
528.0
424.0
662.0
1047.0
2160.0
176.0
950.0
7620.0
5326.0
302.0
2110.0
190.0
1388.0
118.0
336.0
230.0
7137.0
143.0
143.0
1766.0
236.0
1490.0
318.0
4020.0
61.0
435.0
740.0
795.0
6254.0
2296.0
160.0
820.0
624.0
1220.0
305.0
983.0
114.0
1304.0
1381.0
190.0
455.0
3450.0
2980.0
550.0
5.0
1600.0
10.0
105.0
1127.0
253.0
66.0
735.0
50.0
826.0
3915.0
558.0
160.0
670.0
690.0
3013.0
660.0
1200.0
1250.0
1154.0
59.0
46.0
246.0
10803.0
518.0
1370.0
8405.0
592.0
1592.0
3432.0
1545.0
14.0
287.0
3203.0
1325.0
2723.0
2858.0
800.0
1841.0
3757.0
3793.0
46.0
412.0
1036.0
3790.0
871.0
5763.0
5774.0
2062.0
600.0
195.0
77.0
5310.0
2599.0
23.0
2590.0
23.0
32.0
74.0
648.0
460.0
470.0
2585.0
2585.0
2589.0
39.0
1320.0
60.0
26.0
44.0
2250.0
1225.0
2622.0
8460.0
750.0
322.0
523.0
280.0
364.0
2279.0
2732.0
250.0
440.0
153.0
250.0
1376.0
103.0
1130.0
7131.0
499.0
773.0
35.0
300.0
1220.0
1528.0
4040.0
10.0
960.0
237.0
1409.0
17.0
15.0
903.0
10.0
10.0
66.0
617.0
73.0
856.0
325.0
4875.0
2963.0
1971.0
1042.0
192.0
85.0
234.0
832.0
486.0
110.0
110.0
58.0
1257.0
10.0
240.0
654.0
123.0
12.0
305.0
744.0
1493.0
460.0
208.0
81.0
1220.0
910.0
1273.0
180.0
5315.0
823.0
7060.0
3419.0
1450.0
67.0
2984.0
278.0
900.0
5829.0
249.0
315.0
359.0
299.0
49.0
1255.0
550.0
1873.0
435.0
769.0
850.0
299.0
85.0
778.0
491.0
1190.0
804.0
800.0
7690.0
1392.0
87.0
988.0
930.0
921.0
1366.0
578.0
1400.0
180.0
4664.0
2200.0
112.0
210.0
1140.0
350.0
680.0
1527.0
54.0
17.0
4900.0
82.0
593.0
1313.0
1805.0
1530.0
90.0
855.0
1135.0
994.0
525.0
140.0
808.0
43.0
185.0
1534.0
7026.0
10.0
810.0
110.0
187.0
66.0
780.0
384.0
213.0
830.0
3870.0
82.0
192.0
22.0
639.0
5949.0
120.0
80.0
645.0
37.0
1634.0
4957.0
631.0
82.0
19.0
976.0
25.0
52.0
381.0
193.0
770.0
550.0
1126.0
342.0
1048.0
1149.0
472.0
46.0
1150.0
1043.0
39.0
266.0
50.0
2715.0
80.0
400.0
1098.0
787.0
1347.0
24.0
41.0
5780.0
378.0
2090.0
560.0
2380.0
1707.0
3292.0
441.0
2014.0
1240.0
2659.0
80.0
3166.0
1160.0
632.0
2358.0
845.0
1578.0
4438.0
1526.0
193.0
4261.0
329.0
1570.0
1276.0
1312.0
900.0
430.0
2412.0
2890.0
900.0
5407.0
6870.0
740.0
686.0
433.0
900.0
1599.0
877.0
3300.0
46.0
817.0
368.0
1096.0
273.0
9.0
296.0
1138.0
504.0
2413.0
637.0
700.0
412.0
802.0
421.0
238.0
15.0
26.0
315.0
1197.0
440.0
50.0
425.0
456.0
753.0
1202.0
305.0
62.0
1356.0
51.0
5208.0
413.0
992.0
560.0
1066.0
2430.0
972.0
540.0
1086.0
130.0
62.0
62.0
121.0
38.0
6.0
852.0
909.0
29.0
475.0
2159.0
567.0
86.0
2297.0
755.0
630.0
1932.0
57.0
1118.0
183.0
760.0
984.0
2670.0
1022.0
1020.0
790.0
1397.0
726.0
3400.0
294.0
5327.0
2824.0
4667.0
4334.0
2880.0
8.0
6670.0
650.0
55.0
1277.0
300.0
82.0
1991.0
32.0
5016.0
1280.0
758.0
2456.0
1601.0
990.0
220.0
2755.0
145.0
5000.0
1421.0
2915.0
954.0
880.0
33.0
3917.0
870.0
3501.0
312.0
841.0
319.0
4000.0
146.0
4636.0
1359.0
671.0
1460.0
377.0
34.0
3412.0
320.0
995.0
490.0
29.0
0.0
183.0
732.0
2040.0
161.0
1761.0
925.0
632.0
2280.0
590.0
268.0
1588.0
332.0
750.0
770.0
2296.0
1385.0
20.0
72.0
650.0
4050.0
800.0
1183.0
1063.0
535.0
550.0
327.0
14.0
92.0
420.0
955.0
114.0
1548.0
638.0
61.0
180.0
3597.0
64.0
1350.0
3650.0
860.0
130.0
138.0
4910.0
348.0
1320.0
137.0
128.0
74.0
26.0
800.0
1048.0
3763.0
1395.0
1821.0
164.0
4920.0
100.0
1097.0
10.0
170.0
283.0
472.0
3271.0
40.0
30.0
512.0
810.0
853.0
128.0
23.0
1480.0
2450.0
2450.0
250.0
482.0
1378.0
5089.0
20.0
109.0
721.0
37.0
32.0
1310.0
792.0
459.0
456.0
164.0
1000.0
20.0
1400.0
211.0
1030.0
88.0
101.0
1850.0
170.0
29.0
66.0
66.0
760.0
630.0
1168.0
539.0
606.0
1385.0
1840.0
590.0
980.0
1820.0
5090.0
692.0
295.0
59.0
3540.0
75.0
844.0
607.0
1686.0
295.0
3429.0
2640.0
1542.0
1816.0
1097.0
1043.0
15.0
550.0
82.0
850.0
2414.0
879.0
111.0
654.0
100.0
29.0
4817.0
13.0
691.0
39.0
2121.0
63.0
3673.0
1940.0
446.0
36.0
59.0
489.0
245.0
1024.0
75.0
4951.0
232.0
59.0
492.0
779.0
7053.0
355.0
810.0
348.0
3128.0
189.0
7834.0
179.0
515.0
1377.0
450.0
380.0
2620.0
1149.0
60.0
150.0
617.0
113.0
2347.0
1254.0
7626.0
511.0
445.0
114.0
5126.0
800.0
587.0
53.0
464.0
7.0
1178.0
991.0
59.0
515.0
3531.0
9.0
4390.0
3729.0
300.0
4200.0
532.0
46.0
1003.0
1604.0
1594.0
62.0
5613.0
810.0
243.0
5613.0
184.0
760.0
142.0
103.0
463.0
824.0
484.0
187.0
5755.0
5755.0
1649.0
10.0
1301.0
110.0
4242.0
49.0
685.0
60.0
171.0
1463.0
132.0
8730.0
3833.0
657.0
935.0
625.0
93.0
303.0
1060.0
339.0
3040.0
74.0
10.0
10.0
471.0
3010.0
4082.0
41.0
2306.0
1414.0
3622.0
41.0
1060.0
345.0
862.0
327.0
320.0
1439.0
947.0
29.0
201.0
693.0
1850.0
875.0
263.0
48.0
239.0
1086.0
3717.0
198.0
849.0
378.0
300.0
280.0
45.0
849.0
124.0
376.0
1185.0
1579.0
818.0
170.0
98.0
1123.0
43.0
5233.0
560.0
60.0
474.0
961.0
41.0
5159.0
43.0
808.0
698.0
812.0
163.0
39.0
62.0
121.0
546.0
1741.0
395.0
5530.0
1350.0
920.0
43.0
4806.0
433.0
1841.0
3324.0
1900.0
3295.0
18.0
430.0
610.0
1523.0
691.0
975.0
146.0
1909.0
164.0
66.0
2240.0
249.0
131.0
587.0
2690.0
1346.0
2188.0
4950.0
3835.0
46.0
1269.0
630.0
84.0
599.0
3823.0
52.0
193.0
924.0
920.0
2737.0
413.0
15.0
15.0
23.0
933.0
463.0
63.0
1254.0
2712.0
800.0
237.0
4120.0
627.0
215.0
102.0
40.0
4321.0
1144.0
45.0
172.0
74.0
105.0
42.0
1009.0
530.0
1716.0
2070.0
10.0
880.0
461.0
1200.0
50.0
78.0
397.0
2583.0
1313.0
125.0
3660.0
2425.0
923.0
1946.0
180.0
75.0
1621.0
1300.0
435.0
919.0
1050.0
18.0
530.0
10.0
261.0
316.0
94.0
501.0
7.0
340.0
339.0
5936.0
1164.0
70.0
3129.0
10.0
300.0
452.0
35.0
102.0
448.0
669.0
30.0
2483.0
1400.0
3660.0
35.0
1485.0
3.0
3781.0
5585.0
2080.0
30.0
576.0
5250.0
399.0
4.0
13.0
1950.0
187.0
2.0
53.0
25.0
1664.0
758.0
1145.0
4685.0
10.0
2645.0
30.0
45.0
90.0
122.0
15.0
6.0
676.0
82.0
44.0
1043.0
1043.0
84.0
335.0
860.0
5022.0
1300.0
4390.0
127.0
625.0
137.0
1531.0
1220.0
464.0
3983.0
1506.0
4430.0
13.0
1100.0
2580.0
363.0
180.0
151.0
52.0
998.0
1250.0
300.0
1264.0
1032.0
1158.0
491.0
572.0
7.0
490.0
315.0
1039.0
182.0
1207.0
2020.0
55.0
600.0
3500.0
35.0
485.0
1709.0
4080.0
885.0
19.0
374.0
1991.0
1374.0
635.0
90.0
90.0
292.0
748.0
30.0
750.0
2808.0
2810.0
347.0
4897.0
1208.0
121.0
988.0
255.0
6036.0
1471.0
361.0
4794.0
835.0
200.0
4724.0
79.0
126.0
419.0
115.0
1325.0
245.0
1862.0
37.0
1132.0
116.0
1110.0
153.0
46.0
350.0
5072.0
5072.0
240.0
1233.0
3410.0
580.0
82.0
935.0
124.0
1312.0
2820.0
1354.0
170.0
39.0
5832.0
495.0
960.0
1849.0
33.0
0.0
2536.0
4900.0
720.0
651.0
588.0
410.0
615.0
1880.0
3271.0
80.0
219.0
625.0
904.0
872.0
650.0
1266.0
1056.0
857.0
50.0
1962.0
1880.0
9318.0
168.0
1120.0
20.0
4426.0
7.0
1112.0
4404.0
72.0
4140.0
5304.0
5220.0
221.0
18.0
16.0
3268.0
1870.0
3304.0
64.0
874.0
1130.0
3.0
1568.0
689.0
1120.0
4302.0
2113.0
3720.0
8.0
475.0
2860.0
1180.0
2969.0
3101.0
58.0
565.0
4910.0
117.0
1016.0
573.0
4912.0
27.0
456.0
20.0
770.0
374.0
315.0
719.0
394.0
9763.0
-20.0
91.0
2841.0
2297.0
475.0
261.0
805.0
335.0
496.0
90.0
4678.0
111.0
28.0
135.0
610.0
985.0
1673.0
2485.0
428.0
1230.0
40.0
18.0
189.0
1531.0
2355.0
25.0
82.0
2372.0
5072.0
70.0
680.0
1960.0
1960.0
160.0
108.0
28.0
1021.0
70.0
839.0
55.0
1504.0
426.0
61.0
445.0
1110.0
3099.0
23.0
565.0
82.0
82.0
4200.0
762.0
4201.0
286.0
254.0
805.0
117.0
1004.0
63.0
806.0
937.0
14.0
1125.0
1370.0
2145.0
1230.0
792.0
253.0
92.0
361.0
1040.0
3082.0
2200.0
534.0
713.0
1130.0
3551.0
372.0
2306.0
1676.0
910.0
13.0
435.0
164.0
1959.0
10.0
3164.0
214.0
2264.0
323.0
6452.0
323.0
472.0
2173.0
2173.0
360.0
423.0
252.0
1170.0
1232.0
250.0
250.0
135.0
33.0
25.0
240.0
247.0
80.0
152.0
2280.0
430.0
1171.0
3153.0
6528.0
406.0
28.0
602.0
1700.0
984.0
1300.0
95.0
11.0
900.0
314.0
1850.0
800.0
775.0
3324.0
284.0
1790.0
227.0
282.0
5479.0
49.0
2663.0
1624.0
867.0
717.0
1263.0
475.0
1029.0
3812.0
100.0
630.0
118.0
910.0
4291.0
404.0
5560.0
82.0
49.0
997.0
1490.0
289.0
980.0
194.0
7100.0
820.0
413.0
15.0
26.0
350.0
47.0
77.0
772.0
4260.0
593.0
289.0
24.0
10.0
215.0
1030.0
170.0
3350.0
1782.0
830.0
285.0
10.0
13.0
2398.0
670.0
20.0
2280.0
5558.0
276.0
5353.0
1619.0
98.0
3123.0
1959.0
1513.0
552.0
420.0
3000.0
19.0
12552.0
330.0
900.0
1530.0
981.0
281.0
1000.0
1218.0
1066.0
181.0
126.0
1665.0
160.0
855.0
16.0
1517.0
1342.0
622.0
85.0
3360.0
2517.0
804.0
39.0
29.0
1765.0
1667.0
62.0
158.0
87.0
138.0
3360.0
3314.0
483.0
3150.0
26.0
6701.0
32.0
1004.0
35.0
1589.0
173.0
5902.0
5889.0
29.0
2148.0
29.0
159.0
13.0
56.0
94.0
510.0
3298.0
1972.0
2932.0
408.0
495.0
1499.0
308.0
82.0
5879.0
311.0
6.0
124.0
361.0
2566.0
52.0
2060.0
325.0
76.0
44.0
92.0
2034.0
448.0
192.0
1388.0
5025.0
131.0
146.0
5742.0
5754.0
5741.0
144.0
70.0
3313.0
3323.0
32.0
330.0
1367.0
2279.0
1509.0
1203.0
1707.0
2700.0
900.0
1430.0
3400.0
4022.0
2215.0
2215.0
119.0
13.0
4564.0
137.0
17.0
17.0
1723.0
1723.0
31.0
143.0
538.0
18.0
3724.0
1960.0
5869.0
90.0
101.0
283.0
1630.0
49.0
1453.0
91.0
394.0
1043.0
225.0
3680.0
72.0
60.0
4469.0
492.0
74.0
737.0
670.0
290.0
330.0
353.0
3230.0
923.0
82.0
22.0
4158.0
233.0
500.0
1180.0
27.0
14.0
1410.0
76.0
49.0
3935.0
3543.0
53.0
1342.0
6421.0
100.0
2569.0
443.0
1480.0
4307.0
256.0
1303.0
42.0
2139.0
447.0
4891.0
1262.0
1340.0
3389.0
3422.0
59.0
1529.0
10.0
36.0
50.0
30.0
3390.0
136.0
410.0
338.0
35.0
2055.0
46.0
30.0
335.0
23.0
900.0
33.0
33.0
2529.0
1713.0
31.0
1489.0
12.0
3762.0
3782.0
54.0
1213.0
1748.0
908.0
1049.0
78.0
102.0
223.0
755.0
591.0
2024.0
18.0
39.0
965.0
279.0
729.0
689.0
729.0
1492.0
327.0
1079.0
787.0
348.0
334.0
5131.0
942.0
886.0
82.0
3525.0
3489.0
75.0
3293.0
687.0
594.0
270.0
696.0
697.0
86.0
1042.0
6726.0
180.0
4255.0
1280.0
2457.0
49.0
1185.0
200.0
3507.0
165.0
2113.0
145.0
13.0
188.0
651.0
4364.0
3072.0
61.0
2932.0
684.0
397.0
2167.0
42.0
3812.0
78.0
40.0
570.0
65.0
42.0
139.0
324.0
3950.0
45.0
2142.0
409.0
213.0
4062.0
1394.0
230.0
2585.0
1220.0
729.0
15.0
115.0
513.0
100.0
670.0
841.0
3944.0
2102.0
2157.0
101.0
101.0
190.0
251.0
1175.0
1785.0
400.0
135.0
1251.0
200.0
1345.0
880.0
101.0
53.0
1454.0
69.0
1580.0
69.0
4244.0
1437.0
7280.0
241.0
2619.0
1415.0
981.0
2641.0
2141.0
57.0
93.0
1001.0
574.0
308.0
1100.0
182.0
223.0
751.0
58.0
32.0
10.0
66.0
2845.0
2722.0
35.0
646.0
3310.0
50.0
3050.0
43.0
125.0
2890.0
361.0
300.0
771.0
330.0
126.0
1064.0
30.0
290.0
740.0
882.0
20.0
8.0
217.0
109.0
49.0
1424.0
20.0
1838.0
213.0
732.0
200.0
4400.0
1074.0
3197.0
370.0
2440.0
618.0
1915.0
98.0
2547.0
364.0
28.0
787.0
1647.0
323.0
500.0
1460.0
856.0
502.0
92.0
125.0
486.0
3282.0
2570.0
62.0
15.0
157.0
277.0
277.0
2.0
22.0
323.0
4090.0
985.0
1040.0
11.0
200.0
37.0
92.0
152.0
550.0
12.0
10.0
790.0
2702.0
698.0
84.0
971.0
741.0
4466.0
56.0
860.0
770.0
308.0
211.0
43.0
5358.0
77.0
5790.0
233.0
2320.0
7034.0
2990.0
830.0
270.0
230.0
0.0
279.0
110.0
100.0
260.0
386.0
394.0
7.0
15.0
1220.0
1220.0
383.0
1142.0
240.0
3602.0
4570.0
1094.0
653.0
151.0
220.0
3065.0
750.0
154.0
56.0
624.0
841.0
253.0
475.0
91.0
1430.0
103.0
450.0
9258.0
140.0
7460.0
33.0
40.0
4784.0
472.0
990.0
924.0
400.0
3503.0
1200.0
1372.0
1009.0
60.0
1058.0
255.0
25.0
72.0
19.0
300.0
1375.0
16.0
1140.0
15.0
128.0
30.0
91.0
150.0
573.0
4087.0
45.0
1027.0
3360.0
10.0
6920.0
495.0
800.0
415.0
696.0
225.0
1370.0
1701.0
620.0
811.0
1184.0
1559.0
1250.0
1145.0
2577.0
284.0
2400.0
3025.0
7000.0
350.0
7692.0
98.0
4058.0
1867.0
110.0
1867.0
53.0
1355.0
141.0
161.0
95.0
239.0
200.0
1715.0
860.0
1240.0
66.0
809.0
1348.0
948.0
148.0
59.0
590.0
809.0
13297.0
2062.0
15.0
579.0
300.0
970.0
626.0
2013.0
1670.0
512.0
82.0
6781.0
18.0
4180.0
415.0
580.0
556.0
627.0
627.0
328.0
204.0
1190.0
259.0
240.0
400.0
100.0
0.0
941.0
28.0
2997.0
821.0
650.0
250.0
72.0
2470.0
25.0
48.0
2747.0
25.0
1864.0
705.0
562.0
100.0
690.0
121.0
3220.0
193.0
34.0
52.0
2165.0
1370.0
1312.0
3046.0
9140.0
3165.0
400.0
410.0
92.0
834.0
264.0
4380.0
266.0
70.0
1076.0
717.0
72.0
606.0
1846.0
125.0
134.0
1234.0
695.0
3269.0
3269.0
52.0
683.0
76.0
76.0
100.0
350.0
4650.0
1020.0
964.0
2120.0
90.0
130.0
2160.0
234.0
2319.0
22.0
330.0
5905.0
299.0
4133.0
4100.0
106.0
429.0
752.0
11724.0
913.0
5592.0
913.0
1120.0
332.0
1041.0
533.0
3406.0
752.0
30.0
449.0
463.0
53.0
880.0
2500.0
971.0
1692.0
3805.0
130.0
1768.0
1290.0
4682.0
2277.0
755.0
1620.0
1712.0
76.0
1142.0
1185.0
21.0
46.0
164.0
1145.0
144.0
2987.0
618.0
8.0
95.0
8.0
1448.0
374.0
230.0
2368.0
2860.0
209.0
831.0
1759.0
8.0
120.0
5.0
265.0
1470.0
33.0
6312.0
768.0
75.0
25.0
113.0
1370.0
112.0
118.0
2267.0
8590.0
283.0
3452.0
275.0
4416.0
406.0
280.0
360.0
18.0
590.0
5600.0
1026.0
350.0
2260.0
1658.0
760.0
4.0
618.0
56.0
670.0
50.0
7000.0
2221.0
25.0
15.0
1049.0
4009.0
480.0
440.0
72.0
387.0
14.0
350.0
1017.0
2571.0
2191.0
682.0
870.0
350.0
133.0
387.0
56.0
56.0
174.0
80.0
36.0
282.0
36.0
30.0
1210.0
676.0
3364.0
76.0
11.0
8679.0
100.0
1350.0
411.0
677.0
167.0
790.0
1526.0
1545.0
461.0
256.0
175.0
121.0
73.0
72.0
1714.0
252.0
13.0
1461.0
10.0
699.0
318.0
200.0
610.0
1286.0
580.0
1723.0
200.0
731.0
360.0
412.0
4515.0
407.0
3800.0
90.0
1165.0
2317.0
663.0
4928.0
7316.0
1116.0
153.0
59.0
2705.0
60.0
1210.0
100.0
1277.0
1117.0
87.0
16.0
3.0
1063.0
378.0
-8.0
194.0
1568.0
3396.0
125.0
123.0
302.0
270.0
164.0
1426.0
290.0
2340.0
10.0
10.0
929.0
5425.0
1610.0
159.0
1301.0
38.0
27.0
1044.0
13.0
684.0
325.0
193.0
929.0
469.0
131.0
156.0
26.0
10.0
847.0
230.0
300.0
60.0
381.0
1668.0
119.0
38.0
200.0
940.0
541.0
4372.0
22.0
12.0
46.0
1000.0
235.0
235.0
142.0
60.0
652.0
1102.0
974.0
211.0
54.0
144.0
540.0
1480.0
505.0
361.0
35.0
19.0
82.0
10.0
2707.0
678.0
2540.0
22.0
16.0
10.0
94.0
660.0
103.0
122.0
1421.0
410.0
405.0
405.0
528.0
23.0
22.0
2293.0
78.0
70.0
1020.0
260.0
78.0
412.0
1726.0
22.0
4.0
739.0
578.0
1184.0
30.0
820.0
63.0
80.0
7330.0
22.0
1051.0
4980.0
4665.0
75.0
1316.0
381.0
6033.0
335.0
30.0
364.0
12.0
6100.0
2640.0
434.0
39.0
190.0
550.0
80.0
10.0
241.0
159.0
1076.0
840.0
1200.0
334.0
1180.0
2120.0
160.0
249.0
298.0
51.0
4128.0
324.0
3346.0
1463.0
14.0
297.0
1306.0
834.0
210.0
351.0
290.0
1165.0
467.0
1783.0
99.0
185.0
16.0
650.0
991.0
270.0
453.0
108.0
666.0
2051.0
3100.0
58.0
1005.0
1268.0
10.0
16.0
31.0
115.0
687.0
526.0
90.0
207.0
63.0
85.0
115.0
2620.0
66.0
3460.0
285.0
32.0
280.0
550.0
752.0
2750.0
2105.0
732.0
14.0
1691.0
4456.0
699.0
200.0
1864.0
1132.0
53.0
10.0
23.0
6324.0
305.0
2459.0
64.0
440.0
18.0
1208.0
1490.0
2080.0
783.0
10.0
1060.0
628.0
1720.0
10.0
1463.0
900.0
2780.0
205.0
656.0
984.0
135.0
141.0
768.0
492.0
2122.0
600.0
357.0
770.0
357.0
4.0
1729.0
1729.0
764.0
4830.0
80.0
5.0
1157.0
75.0
920.0
771.0
285.0
7054.0
285.0
1788.0
269.0
997.0
881.0
690.0
240.0
1330.0
172.0
404.0
972.0
3246.0
3264.0
3270.0
322.0
580.0
860.0
369.0
3203.0
831.0
289.0
164.0
200.0
88.0
217.0
690.0
3625.0
22.0
423.0
67.0
436.0
371.0
575.0
74.0
74.0
580.0
72.0
212.0
36.0
650.0
5710.0
656.0
960.0
51.0
20.0
720.0
244.0
242.0
540.0
120.0
666.0
263.0
36.0
36.0
5396.0
680.0
680.0
650.0
1278.0
16.0
3806.0
2670.0
1802.0
213.0
213.0
3000.0
1837.0
4173.0
1500.0
4157.0
5791.0
7860.0
417.0
159.0
1034.0
535.0
59.0
125.0
7316.0
1200.0
390.0
490.0
2373.0
444.0
1177.0
972.0
1452.0
624.0
74.0
474.0
170.0
74.0
302.0
820.0
1050.0
304.0
6245.0
37.0
110.0
150.0
1299.0
64.0
537.0
38.0
198.0
790.0
60.0
1284.0
3763.0
3763.0
12.0
-1200.0
32.0
1090.0
2014.0
38.0
820.0
5578.0
850.0
19.0
174.0
1476.0
376.0
1100.0
3075.0
99.0
400.0
4.0
108.0
594.0
53.0
14.0
6286.0
685.0
473.0
137.0
144.0
100.0
1258.0
15.0
15.0
1115.0
155.0
49.0
20.0
10.0
43.0
129.0
4105.0
74.0
143.0
23.0
29.0
10.0
164.0
459.0
45.0
29.0
9.0
120.0
72.0
95.0
791.0
3002.0
270.0
3957.0
144.0
144.0
1000.0
1296.0
51.0
885.0
593.0
274.0
327.0
115.0
560.0
3929.0
246.0
663.0
4105.0
170.0
23.0
1090.0
47.0
540.0
20.0
80.0
45.0
45.0
126.0
331.0
121.0
139.0
57.0
19.0
454.0
278.0
21.0
181.0
22.0
2370.0
180.0
5327.0
109.0
2272.0
152.0
190.0
119.0
309.0
269.0
269.0
20.0
20.0
623.0
810.0
2822.0
236.0
999.0
-144.0
-50.0
24.0
540.0
13.0
338.0
223.0
603.0
768.0
13.0
30.0
9.0
430.0
252.0
231.0
484.0
361.0
2318.0
923.0
3.0
310.0
671.0
535.0
119.0
3782.0
59.0
420.0
1033.0
128.0
115.0
164.0
33.0
241.0
6900.0
5.0
10.0
97.0
98.0
24.0
291.0
70.0
50.0
16.0
112.0
46.0
16.0
16.0
6.0
33.0
9.0
153.0
2697.0
264.0
2343.0
275.0
20.0
6.0
2848.0
1341.0
36.0
48.0
2000.0
179.0
49.0
263.0
2575.0
521.0
504.0
388.0
955.0
104.0
1595.0
-64.0
2846.0
81.0
1516.0
376.0
6.0
65.0
786.0
9.0
169.0
68.0
169.0
1388.0
73.0
82.0
64.0
18.0
311.0
161.0
379.0
8.0
80.0
0.0
51.0
5280.0
5.0
1451.0
18.0
2516.0
102.0
16.0
150.0
350.0
70.0
1734.0
82.0
2006.0
360.0
350.0
732.0
197.0
787.0
3900.0
75.0
193.0
2122.0
338.0
267.0
65.0
761.0
25.0
630.0
1998.0
322.0
11.0
82.0
322.0
890.0
23.0
65.0
3596.0
4570.0
10.0
4800.0
402.0
26.0
5013.0
14.0
170.0
505.0
22.0
1942.0
531.0
2010.0
1923.0
758.0
6362.0
43.0
10.0
13.0
360.0
80.0
200.0
53.0
603.0
6780.0
50.0
840.0
320.0
308.0
1700.0
1150.0
410.0
1280.0
130.0
24.0
1368.0
1160.0
55.0
197.0
2057.0
2158.0
282.0
414.0
2080.0
200.0
643.0
3042.0
944.0
350.0
1717.0
1090.0
1540.0
1048.0
979.0
4223.0
30.0
882.0
10.0
164.0
33.0
275.0
1063.0
2313.0
340.0
108.0
1100.0
63.0
270.0
2655.0
1428.0
1581.0
365.0
1034.0
1585.0
1335.0
1335.0
335.0
2607.0
740.0
5871.0
783.0
394.0
1600.0
1600.0
830.0
1200.0
766.0
3280.0
449.0
3381.0
60.0
348.0
2574.0
649.0
1300.0
285.0
12.0
443.0
120.0
154.0
1099.0
970.0
200.0
3870.0
250.0
1442.0
401.0
481.0
1076.0
987.0
632.0
68.0
85.0
100.0
1303.0
19.0
44.0
90.0
730.0
650.0
218.0
2030.0
698.0
4910.0
12.0
150.0
1259.0
459.0
842.0
140.0
850.0
135.0
284.0
1507.0
670.0
4300.0
57.0
250.0
82.0
765.0
1128.0
3100.0
14.0
284.0
1171.0
656.0
1309.0
1414.0
168.0
547.0
20.0
197.0
197.0
14.0
1531.0
1766.0
109.0
48.0
273.0
1178.0
86.0
12146.0
310.0
940.0
136.0
630.0
343.0
155.0
780.0
2270.0
351.0
391.0
34.0
177.0
1204.0
14.0
930.0
478.0
20.0
30.0
850.0
360.0
1570.0
707.0
174.0
199.0
820.0
6290.0
0.0
210.0
2407.0
8500.0
120.0
66.0
1102.0
66.0
695.0
1182.0
56.0
1513.0
190.0
786.0
1300.0
102.0
178.0
400.0
260.0
76.0
886.0
870.0
2167.0
50.0
378.0
276.0
690.0
920.0
2158.0
1176.0
32.0
615.0
880.0
198.0
56.0
16.0
1573.0
2500.0
784.0
2901.0
326.0
3837.0
952.0
20.0
66.0
2540.0
16.0
11.0
762.0
98.0
275.0
80.0
200.0
200.0
208.0
673.0
538.0
670.0
883.0
11.0
318.0
318.0
1003.0
364.0
58.0
284.0
3869.0
14.0
323.0
27.0
604.0
125.0
1890.0
243.0
289.0
19.0
1418.0
3274.0
3257.0
245.0
245.0
13313.0
497.0
50.0
297.0
4075.0
15.0
7361.0
730.0
210.0
1463.0
19.0
32.0
120.0
1416.0
400.0
5802.0
4950.0
80.0
40.0
450.0
33.0
4135.0
134.0
164.0
70.0
586.0
201.0
826.0
56.0
184.0
2549.0
1185.0
332.0
9.0
93.0
1545.0
52.0
52.0
970.0
13.0
86.0
659.0
760.0
1559.0
2513.0
590.0
23.0
1432.0
16.0
144.0
144.0
885.0
4026.0
1951.0
706.0
358.0
279.0
3858.0
30.0
474.0
722.0
2034.0
2650.0
1060.0
30.0
225.0
428.0
30.0
2376.0
2376.0
340.0
10.0
1060.0
13.0
3302.0
975.0
89.0
3379.0
4277.0
22.0
20.0
2700.0
287.0
4760.0
325.0
580.0
87.0
67.0
180.0
1145.0
41.0
53.0
1855.0
27.0
20.0
14.0
2340.0
2712.0
31.0
1528.0
316.0
66.0
200.0
730.0
484.0
9.0
3890.0
4433.0
59.0
541.0
4125.0
4170.0
900.0
75.0
6580.0
1790.0
450.0
39.0
453.0
103.0
98.0
650.0
20.0
20.0
1873.0
13.0
129.0
29.0
13.0
42.0
80.0
1267.0
1412.0
797.0
200.0
200.0
200.0
1440.0
1000.0
1547.0
75.0
55.0
108.0
1070.0
102.0
26.0
82.0
3208.0
20.0
145.0
51.0
1261.0
65.0
27.0
343.0
8.0
3400.0
959.0
653.0
3419.0
12.0
933.0
840.0
840.0
74.0
488.0
157.0
461.0
149.0
200.0
200.0
33.0
2120.0
2500.0
179.0
30.0
640.0
656.0
656.0
2425.0
1180.0
38.0
92.0
82.0
75.0
5.0
1038.0
157.0
200.0
40.0
7073.0
16.0
870.0
1054.0
199.0
110.0
901.0
16.0
3592.0
56.0
10.0
476.0
5.0
979.0
400.0
423.0
679.0
3417.0
684.0
1562.0
3.0
9.0
200.0
240.0
272.0
138.0
1200.0
426.0
12913.0
1400.0
1270.0
109.0
318.0
1804.0
11.0
429.0
1168.0
60.0
157.0
20.0
8294.0
5092.0
151.0
987.0
38.0
16.0
16.0
1099.0
2388.0
30.0
900.0
134.0
41.0
3419.0
138.0
702.0
44.0
167.0
4075.0
621.0
445.0
590.0
1778.0
20.0
20.0
585.0
1689.0
1106.0
43.0
230.0
820.0
52.0
75.0
27.0
655.0
135.0
87.0
62.0
916.0
551.0
3281.0
58.0
7332.0
1014.0
1477.0
19.0
157.0
182.0
1820.0
721.0
510.0
4044.0
1257.0
260.0
1257.0
651.0
2840.0
1740.0
2530.0
3000.0
1599.0
2440.0
404.0
30.0
160.0
245.0
16.0
1998.0
1148.0
2120.0
2300.0
144.0
145.0
99.0
1500.0
1968.0
1968.0
5894.0
5960.0
1600.0
299.0
1974.0
338.0
4520.0
15.0
439.0
860.0
69.0
38.0
72.0
453.0
181.0
360.0
120.0
213.0
11500.0
47.0
1263.0
1396.0
1411.0
20.0
127.0
3.0
2156.0
59.0
59.0
918.0
287.0
1985.0
424.0
290.0
3465.0
190.0
2425.0
82.0
4760.0
5891.0
13.0
1300.0
189.0
537.0
1942.0
779.0
55.0
650.0
6994.0
2720.0
15.0
54.0
1020.0
43.0
49.0
23.0
290.0
290.0
960.0
54.0
121.0
23.0
4493.0
3400.0
1270.0
1292.0
1360.0
849.0
88.0
1250.0
492.0
294.0
2060.0
1182.0
20.0
430.0
526.0
761.0
146.0
443.0
977.0
67.0
1340.0
569.0
10.0
800.0
52.0
280.0
665.0
929.0
4117.0
4145.0
172.0
2730.0
243.0
889.0
6296.0
7396.0
141.0
11778.0
1012.0
3760.0
2393.0
10032.0
83.0
4140.0
285.0
123.0
5142.0
5142.0
2627.0
120.0
496.0
749.0
1381.0
8445.0
1408.0
958.0
2994.0
710.0
4925.0
1460.0
5298.0
64.0
762.0
60.0
40.0
57.0
3160.0
13.0
1750.0
149.0
5570.0
30.0
1126.0
633.0
633.0
670.0
217.0
2345.0
58.0
1320.0
100.0
2607.0
322.0
4925.0
3119.0
780.0
577.0
325.0
2025.0
250.0
93.0
98.0
10.0
3765.0
3200.0
55.0
61.0
1241.0
350.0
5268.0
3009.0
40.0
490.0
2215.0
2172.0
1040.0
951.0
1553.0
429.0
5308.0
8000.0
15.0
7.0
38.0
33.0
2340.0
10.0
335.0
126.0
115.0
180.0
4050.0
272.0
656.0
139.0
860.0
925.0
40.0
469.0
3215.0
21.0
3510.0
1765.0
3700.0
1198.0
3370.0
782.0
6161.0
13.0
1590.0
80.0
427.0
146.0
100.0
159.0
68.0
68.0
1135.0
328.0
1140.0
5529.0
71.0
90.0
9151.0
659.0
740.0
267.0
1540.0
39.0
5450.0
60.0
2018.0
64.0
586.0
360.0
43.0
289.0
34.0
360.0
90.0
2032.0
449.0
2497.0
137.0
24.0
440.0
1280.0
335.0
395.0
9370.0
1490.0
4190.0
42.0
676.0
59.0
1150.0
762.0
1788.0
1655.0
7.0
992.0
773.0
27.0
8679.0
994.0
3350.0
20.0
175.0
40.0
935.0
1106.0
3060.0
67.0
67.0
31.0
394.0
549.0
1080.0
17.0
79.0
79.0
12.0
661.0
3880.0
426.0
1032.0
897.0
251.0
182.0
80.0
925.0
451.0
47.0
1059.0
200.0
66.0
1520.0
1092.0
242.0
1802.0
386.0
1560.0
1418.0
7.0
1200.0
2119.0
615.0
1302.0
1042.0
360.0
2455.0
33.0
1263.0
113.0
2310.0
5823.0
-21.0
-28.0
1380.0
-40.0
490.0
25.0
10.0
102.0
62.0
5465.0
6.0
157.0
1096.0
34.0
3707.0
73.0
790.0
699.0
426.0
689.0
385.0
1603.0
187.0
3661.0
781.0
1220.0
2430.0
712.0
1702.0
203.0
70.0
1248.0
158.0
240.0
1060.0
6750.0
55.0
2496.0
257.0
1591.0
1591.0
190.0
1149.0
11.0
2418.0
577.0
822.0
1331.0
689.0
685.0
987.0
109.0
3620.0
724.0
259.0
939.0
50.0
1387.0
92.0
320.0
5.0
7237.0
7237.0
6863.0
760.0
10.0
25.0
1088.0
3256.0
6263.0
374.0
7238.0
10.0
3157.0
195.0
4062.0
609.0
195.0
72.0
30.0
677.0
66.0
540.0
130.0
39.0
85.0
1056.0
74.0
1708.0
532.0
1160.0
178.0
255.0
405.0
404.0
385.0
1040.0
472.0
9.0
41.0
831.0
459.0
459.0
3264.0
1220.0
1410.0
24.0
1147.0
1285.0
46.0
9.0
760.0
158.0
1494.0
328.0
10.0
190.0
1058.0
410.0
9.0
6879.0
1083.0
530.0
3437.0
50.0
3010.0
3010.0
6.0
52.0
2018.0
1317.0
2077.0
74.0
670.0
4052.0
49.0
25.0
100.0
39.0
2416.0
2120.0
5.0
10.0
62.0
150.0
63.0
1302.0
364.0
941.0
994.0
173.0
656.0
54.0
57.0
492.0
1542.0
4161.0
125.0
2434.0
144.0
1980.0
590.0
240.0
354.0
1394.0
620.0
900.0
35.0
10.0
479.0
335.0
33.0
632.0
10.0
100.0
11.0
57.0
3222.0
300.0
239.0
239.0
1950.0
273.0
1990.0
3730.0
13.0
78.0
85.0
490.0
98.0
13.0
150.0
637.0
5970.0
321.0
464.0
10.0
1465.0
1332.0
40.0
655.0
1240.0
1050.0
10.0
580.0
500.0
167.0
83.0
1394.0
218.0
2356.0
46.0
130.0
810.0
4382.0
1389.0
8.0
130.0
1142.0
45.0
1419.0
130.0
1020.0
4410.0
224.0
4219.0
130.0
376.0
2215.0
18.0
910.0
1.0
10.0
136.0
1634.0
4.0
1414.0
10.0
638.0
1494.0
591.0
5659.0
866.0
64.0
2410.0
350.0
70.0
3891.0
49.0
21.0
1594.0
42.0
42.0
111.0
194.0
820.0
2058.0
5279.0
541.0
43.0
150.0
10.0
43.0
374.0
520.0
66.0
190.0
1115.0
6840.0
46.0
1890.0
7.0
190.0
223.0
666.0
1498.0
337.0
33.0
49.0
242.0
12.0
1345.0
2460.0
664.0
174.0
985.0
170.0
6723.0
6723.0
482.0
244.0
34.0
643.0
210.0
491.0
1245.0
872.0
85.0
973.0
12.0
529.0
108.0
1050.0
1397.0
1218.0
138.0
342.0
44.0
6960.0
48.0
580.0
100.0
1315.0
1677.0
1485.0
1670.0
2019.0
15.0
23.0
178.0
291.0
9760.0
1650.0
111.0
499.0
7350.0
1310.0
394.0
68.0
569.0
6035.0
850.0
480.0
324.0
18.0
2320.0
58.0
18.0
1542.0
4778.0
1170.0
180.0
172.0
15.0
287.0
287.0
308.0
311.0
64.0
623.0
323.0
262.0
230.0
1430.0
640.0
179.0
7800.0
114.0
450.0
176.0
39.0
79.0
10.0
132.0
5458.0
181.0
4522.0
4522.0
245.0
245.0
164.0
101.0
98.0
340.0
367.0
98.0
891.0
4300.0
15.0
421.0
3.0
8069.0
62.0
2139.0
50.0
1772.0
1732.0
10.0
1652.0
8147.0
630.0
1004.0
133.0
831.0
861.0
98.0
1653.0
4239.0
6411.0
1435.0
2925.0
50.0
46.0
58.0
730.0
22.0
33.0
22.0
910.0
1161.0
303.0
417.0
79.0
87.0
761.0
3885.0
231.0
587.0
966.0
734.0
14.0
95.0
26.0
182.0
12.0
226.0
1252.0
1100.0
1330.0
26.0
43.0
919.0
2501.0
60.0
469.0
125.0
4805.0
79.0
2444.0
440.0
2021.0
260.0
59.0
9527.0
1007.0
97.0
5831.0
625.0
815.0
3930.0
20.0
945.0
19.0
267.0
3146.0
2001.0
3848.0
172.0
49.0
642.0
241.0
540.0
10.0
32.0
690.0
804.0
3600.0
50.0
3330.0
2012.0
223.0
34.0
32.0
118.0
1025.0
1083.0
222.0
2.0
220.0
1110.0
2531.0
1056.0
333.0
272.0
1283.0
10.0
1650.0
1684.0
3130.0
1160.0
545.0
18.0
450.0
198.0
33.0
427.0
100.0
1589.0
2428.0
20.0
250.0
187.0
338.0
750.0
137.0
1089.0
586.0
13.0
120.0
679.0
50.0
600.0
146.0
5412.0
1530.0
920.0
36.0
5250.0
1469.0
492.0
530.0
771.0
3970.0
35.0
98.0
2517.0
958.0
19.0
55.0
270.0
9528.0
153.0
385.0
23.0
32.0
591.0
675.0
1087.0
5350.0
66.0
3697.0
410.0
700.0
5.0
5423.0
922.0
63.0
39.0
63.0
343.0
404.0
950.0
40.0
56.0
418.0
217.0
4.0
420.0
11.0
269.0
164.0
54.0
105.0
40.0
86.0
1020.0
8850.0
1511.0
4650.0
2360.0
582.0
299.0
2830.0
2090.0
870.0
8060.0
44.0
104.0
170.0
403.0
68.0
115.0
3454.0
274.0
810.0
2300.0
1990.0
420.0
2130.0
50.0
3172.0
493.0
1476.0
4892.0
4920.0
617.0
28.0
28.0
850.0
950.0
134.0
7707.0
180.0
98.0
17.0
550.0
141.0
376.0
1000.0
16.0
1325.0
2320.0
36.0
39.0
311.0
36.0
116.0
10.0
121.0
282.0
19.0
390.0
786.0
49.0
80.0
49.0
786.0
80.0
964.0
653.0
598.0
2340.0
30.0
60.0
97.0
1664.0
76.0
6082.0
1476.0
7860.0
1343.0
140.0
4600.0
613.0
285.0
713.0
50.0
3868.0
2430.0
2542.0
5045.0
609.0
10.0
5730.0
132.0
1923.0
999.0
914.0
2569.0
236.0
1175.0
4270.0
36.0
104.0
1020.0
2605.0
1600.0
2312.0
863.0
265.0
22.0
730.0
4490.0
4432.0
269.0
663.0
1277.0
4070.0
4220.0
663.0
284.0
303.0
3.0
332.0
7.0
4905.0
169.0
1371.0
1420.0
177.0
20.0
3180.0
508.0
1363.0
530.0
443.0
1710.0
3300.0
197.0
10.0
2125.0
8414.0
663.0
294.0
3316.0
6.0
502.0
240.0
282.0
4671.0
1316.0
213.0
100.0
410.0
3360.0
115.0
3.0
33.0
132.0
129.0
13.0
3377.0
355.0
808.0
490.0
485.0
899.0
118.0
1909.0
433.0
942.0
78.0
1213.0
150.0
612.0
115.0
711.0
2304.0
2142.0
279.0
3451.0
191.0
729.0
10.0
689.0
250.0
144.0
87.0
3999.0
2340.0
181.0
1294.0
270.0
3645.0
210.0
56.0
80.0
543.0
4757.0
489.0
1251.0
427.0
340.0
7.0
95.0
1032.0
3021.0
450.0
36.0
1127.0
2258.0
6082.0
2224.0
1440.0
3652.0
3652.0
1296.0
794.0
2011.0
360.0
48.0
524.0
96.0
107.0
1880.0
1414.0
423.0
1831.0
258.0
36.0
928.0
10.0
278.0
2786.0
2610.0
8466.0
52.0
1946.0
553.0
114.0
157.0
1001.0
597.0
26.0
290.0
4353.0
440.0
600.0
425.0
1050.0
103.0
164.0
344.0
1570.0
4908.0
4461.0
1541.0
443.0
376.0
151.0
313.0
1708.0
269.0
62.0
50.0
105.0
709.0
1246.0
1236.0
42.0
-12.0
1350.0
3829.0
968.0
3294.0
980.0
230.0
4198.0
3020.0
742.0
316.0
66.0
500.0
913.0
3475.0
14192.0
116.0
898.0
199.0
250.0
21.0
32.0
671.0
171.0
1854.0
2630.0
289.0
1070.0
866.0
269.0
93.0
4206.0
1650.0
555.0
670.0
570.0
200.0
62.0
13.0
7.0
132.0
5330.0
263.0
710.0
1526.0
20.0
2113.0
135.0
839.0
839.0
7500.0
2018.0
1030.0
970.0
2962.0
675.0
84.0
230.0
89.0
49.0
1850.0
2902.0
1378.0
3688.0
141.0
115.0
2808.0
509.0
167.0
57.0
20.0
243.0
3429.0
309.0
-87.0
172.0
2835.0
1954.0
125.0
3987.0
67.0
600.0
859.0
545.0
427.0
128.0
814.0
213.0
41.0
105.0
100.0
758.0
787.0
1026.0
844.0
26.0
19.0
46.0
2595.0
665.0
52.0
1184.0
314.0
547.0
121.0
137.0
330.0
196.0
2234.0
580.0
610.0
3750.0
49.0
349.0
1855.0
311.0
57.0
540.0
330.0
19.0
533.0
5354.0
325.0
89.0
1483.0
53.0
105.0
271.0
8.0
830.0
830.0
770.0
135.0
640.0
594.0
1805.0
329.0
7.0
551.0
2672.0
31.0
90.0
1694.0
785.0
30.0
901.0
75.0
910.0
2787.0
1110.0
1020.0
18.0
18.0
15.0
1340.0
825.0
4293.0
1344.0
813.0
4065.0
9.0
2086.0
4140.0
660.0
1071.0
114.0
98.0
63.0
402.0
260.0
984.0
4893.0
270.0
4060.0
1053.0
39.0
97.0
70.0
282.0
147.0
2577.0
540.0
272.0
550.0
4600.0
1607.0
3268.0
882.0
3100.0
3100.0
500.0
499.0
929.0
776.0
32.0
19.0
90.0
2070.0
2400.0
105.0
660.0
1148.0
682.0
146.0
15.0
1735.0
64.0
1239.0
1440.0
406.0
406.0
13.0
990.0
305.0
1420.0
394.0
197.0
98.0
98.0
492.0
1110.0
197.0
3984.0
184.0
759.0
428.0
584.0
579.0
4360.0
905.0
754.0
197.0
104.0
232.0
394.0
472.0
769.0
330.0
207.0
520.0
710.0
2329.0
607.0
241.0
220.0
871.0
1380.0
36.0
1144.0
1300.0
11.0
1100.0
117.0
3094.0
3094.0
810.0
380.0
1010.0
3132.0
3065.0
72.0
21.0
1620.0
385.0
33.0
4265.0
4343.0
2409.0
788.0
300.0
943.0
1266.0
430.0
936.0
658.0
648.0
1806.0
580.0
102.0
5258.0
1760.0
2753.0
152.0
80.0
30.0
174.0
174.0
2649.0
2151.0
13631.0
1486.0
1483.0
322.0
256.0
681.0
121.0
1214.0
1169.0
1169.0
210.0
779.0
2821.0
100.0
92.0
70.0
2400.0
1220.0
285.0
943.0
355.0
1365.0
27.0
4056.0
233.0
1670.0
906.0
1080.0
410.0
295.0
286.0
705.0
1080.0
240.0
10.0
1082.0
1070.0
200.0
491.0
523.0
169.0
117.0
56.0
1591.0
20.0
1673.0
919.0
1896.0
1865.0
1836.0
1730.0
2277.0
276.0
213.0
60.0
38.0
1401.0
1132.0
561.0
140.0
5440.0
5474.0
36.0
15.0
256.0
3920.0
545.0
359.0
1.0
370.0
1312.0
47.0
2918.0
11.0
23.0
4359.0
1180.0
597.0
213.0
138.0
66.0
220.0
2454.0
120.0
2998.0
597.0
130.0
2855.0
1440.0
104.0
250.0
481.0
5344.0
20.0
90.0
706.0
63.0
888.0
440.0
1008.0
50.0
1696.0
485.0
2092.0
337.0
2029.0
3028.0
40.0
912.0
4200.0
3800.0
3955.0
870.0
5587.0
227.0
433.0
306.0
287.0
2970.0
206.0
230.0
20.0
902.0
1010.0
20.0
285.0
128.0
1110.0
239.0
363.0
49.0
994.0
800.0
1204.0
1224.0
40.0
2109.0
263.0
913.0
250.0
6285.0
728.0
180.0
410.0
2380.0
1736.0
16.0
20.0
220.0
64.0
261.0
58.0
98.0
19.0
115.0
5.0
604.0
2077.0
101.0
4491.0
200.0
1417.0
57.0
14.0
2036.0
2252.0
3302.0
16.0
1500.0
1895.0
113.0
935.0
3809.0
1584.0
783.0
180.0
41.0
1871.0
2789.0
55.0
35.0
210.0
433.0
10.0
1143.0
2237.0
3600.0
4115.0
300.0
243.0
19.0
4196.0
555.0
635.0
10.0
1381.0
0.0
810.0
1106.0
658.0
388.0
961.0
1050.0
2200.0
740.0
410.0
11.0
57.0
89.0
580.0
36.0
70.0
3033.0
1903.0
2060.0
2060.0
20.0
58.0
291.0
1283.0
236.0
1250.0
46.0
154.0
4887.0
122.0
11.0
11.0
29.0
24.0
46.0
423.0
662.0
2320.0
203.0
825.0
150.0
4725.0
246.0
559.0
100.0
2586.0
11.0
1305.0
1560.0
65.0
590.0
5778.0
4360.0
4.0
453.0
750.0
4846.0
1020.0
606.0
950.0
950.0
1224.0
453.0
1090.0
14.0
964.0
1920.0
3600.0
660.0
1290.0
62.0
100.0
101.0
652.0
222.0
2245.0
730.0
87.0
231.0
55.0
295.0
770.0
658.0
109.0
490.0
312.0
2577.0
452.0
2049.0
47.0
5400.0
145.0
118.0
49.0
1499.0
771.0
36.0
574.0
5681.0
141.0
41.0
5612.0
472.0
110.0
2417.0
295.0
5078.0
329.0
3927.0
3514.0
19.0
4324.0
161.0
93.0
4783.0
20.0
49.0
4903.0
4796.0
74.0
1396.0
890.0
439.0
439.0
7.0
59.0
30.0
1649.0
656.0
4424.0
42.0
481.0
300.0
100.0
75.0
282.0
1051.0
548.0
4095.0
133.0
843.0
197.0
13.0
200.0
61.0
54.0
638.0
324.0
27.0
202.0
203.0
1052.0
37.0
206.0
1.0
14.0
141.0
902.0
62.0
62.0
1990.0
1906.0
2078.0
531.0
1695.0
1149.0
970.0
2262.0
5121.0
70.0
20.0
1337.0
3479.0
314.0
98.0
1000.0
512.0
495.0
2146.0
2146.0
1129.0
1185.0
368.0
19.0
1050.0
141.0
690.0
1334.0
861.0
1250.0
124.0
1114.0
1390.0
43.0
1864.0
1935.0
365.0
499.0
2857.0
2116.0
241.0
35.0
699.0
870.0
621.0
1165.0
383.0
31.0
345.0
114.0
1630.0
71.0
521.0
400.0
4026.0
937.0
1381.0
728.0
90.0
620.0
354.0
255.0
5329.0
470.0
100.0
2314.0
1022.0
2016.0
2436.0
800.0
2557.0
32.0
799.0
4793.0
264.0
111.0
35.0
15.0
52.0
574.0
303.0
624.0
41.0
108.0
1100.0
63.0
476.0
152.0
39.0
573.0
604.0
637.0
4812.0
139.0
84.0
181.0
776.0
63.0
21.0
200.0
1184.0
1368.0
100.0
126.0
1215.0
190.0
511.0
1990.0
980.0
1301.0
79.0
402.0
117.0
1470.0
15.0
2194.0
548.0
319.0
2428.0
38.0
1898.0
1205.0
30.0
1682.0
1277.0
295.0
1663.0
1269.0
302.0
35.0
3690.0
46.0
315.0
734.0
1160.0
661.0
1568.0
194.0
51.0
6697.0
824.0
1775.0
101.0
1129.0
438.0
599.0
450.0
91.0
1433.0
18.0
1925.0
900.0
44.0
1268.0
171.0
784.0
425.0
76.0
76.0
270.0
911.0
620.0
76.0
2517.0
164.0
3109.0
172.0
1641.0
2515.0
1665.0
600.0
258.0
160.0
221.0
63.0
425.0
1040.0
1280.0
3544.0
198.0
140.0
1120.0
162.0
805.0
494.0
5939.0
708.0
932.0
1200.0
2129.0
68.0
2046.0
2025.0
281.0
142.0
361.0
164.0
445.0
796.0
777.0
2188.0
580.0
121.0
976.0
431.0
431.0
52.0
750.0
110.0
200.0
80.0
53.0
1344.0
39.0
1112.0
150.0
257.0
17.0
730.0
348.0
820.0
2267.0
3662.0
1608.0
674.0
1068.0
7585.0
1700.0
587.0
2674.0
82.0
1280.0
66.0
108.0
2129.0
4051.0
910.0
5285.0
797.0
1220.0
3566.0
4189.0
2040.0
212.0
1968.0
1219.0
2680.0
45.0
92.0
833.0
190.0
541.0
23.0
4054.0
4054.0
4154.0
712.0
30.0
39.0
78.0
2604.0
180.0
92.0
916.0
2975.0
1790.0
3455.0
3325.0
420.0
399.0
4509.0
5705.0
5382.0
20.0
51.0
5333.0
876.0
0.0
14.0
56.0
4698.0
4738.0
2315.0
10.0
5.0
7141.0
12745.0
4524.0
278.0
4528.0
117.0
9.0
154.0
21.0
103.0
7.0
7.0
100.0
91.0
5906.0
11.0
75.0
335.0
130.0
463.0
26.0
8.0
8250.0
1.0
2812.0
6.0
138.0
250.0
30.0
10.0
46.0
6.0
2093.0
117.0
289.0
1201.0
10.0
56.0
10.0
40.0
15.0
7.0
16.0
1509.0
20.0
211.0
934.0
1.0
7.0
937.0
9327.0
8.0
23.0
1730.0
21.0
117.0
6550.0
2824.0
14.0
5085.0
10.0
68.0
1177.0
4330.0
59.0
1285.0
121.0
54.0
840.0
900.0
729.0
