55.3958
53.2681
58.4033
51.5017
52.3086
53.58
54.1431
57.1039
51.8713
41.7701
44.0483
28.4435
38.2683
67.1062
36.8331
62.6415
-16.6347
-23.7927
38.2861
33.6246
46.8055
-38.0489
-36.0681
-25.1714
41.3235
41.0168
41.3072
45.6696
41.9476
-32.0008
-34.1789
38.1525
44.8272
40.469
40.6107
-17.9469
50.2856
24.4266
45.4378
45.7477
-32.2636
39.2489
-24.8819
55.9756
-12.2004
39.5246
37.8459
39.6975
35.8926
-30.3194
22.2199
-43.5042
40.3718
41.64
39.7072
40.8672
50.2232
40.646
-36.3543
33.8133
49.256
11.4133
35.7267
-9.07383
33.676
42.4534
-41.1703
-32.2197
53.9047
55.9633
42.5937
-23.6256
-33.6786
31.9504
49.0285
-6.61567
44.5011
39.6661
28.4309
32.7469
28.0772
41.9312
53.6468
36.7449
40.984
-34.2497
-8.745
47.659
-42.8472
43.3863
38.5082
31.6972
-5.45817
48.8692
38.8684
59.749
34.0799
51.7422
43.6214
32.5075
39.5647
36.8153
18.0899
35.2655
33.448
46.5977
-30.7897
-35.2632
64.9322
51.0992
-35.0294
-15.7781
26.3717
33.9334
43.6792
28.0286
6.17456
48.2297
42.4604
27.8287
35.5003
43.3961
32.3324
28.942
47.0524
56.9494
-20.6667
37.0554
-37.6006
-26.6069
35.2803
-36.9145
36.8144
43.7772
39.8635
39.4352
-37.6606
41.1297
36.6786
39.4779
37.7544
24.7855
13.5821
26.2082
-19.0928
40.3686
35.1841
34.6716
27.4334
44.5753
-28.1042
37.3927
46.4049
42.6884
-20.3767
56.9542
40.2529
33.9186
42.4353
-31.945
43.6771
39.9277
-40.9027
42.7338
41.283
40.854
35.9205
49.3097
44.0151
-38.1081
55.0619
7.36876
15.5
58.2152
48.0024
41.6053
47.4357
44.4175
41.1517
41.52
40.8902
43.4496
33.9878
43.3113
40.5464
42.9267
48.4171
48.5056
32.756
37.4278
28.5369
28.0024
17.2356
26.1608
39.9695
34.13
-44.3084
34.3262
50.6856
43.5646
42.355
45.6375
41.9128
45.4082
41.3426
39.4857
-17.6621
39.7808
-35.1658
48.3239
-37.9247
-41.3371
52.6297
-35.7713
-41.7406
-39.959
54.7372
34.7126
34.7046
-10.4302
38.3608
-43.3989
50.3981
41.6579
41.5302
