-116.482
-114.957
-115.946
-112.751
-112.754
-116.453
-113.749
9.99281
-176.674
8.77447
8.12761
129.583
-0.570061
-157.857
-2.25944
-160.189
128.447
133.878
-0.586617
-84.4258
4.25939
144.459
146.966
130.975
-2.62989
-5.45653
2.10797
9.70925
3.20886
141.48
150.107
-3.62507
-0.723278
-3.55766
18.0028
122.235
30.8993
118.349
10.3159
-122.592
125.496
9.05397
113.673
-3.99111
96.8411
-6.43468
-4.84491
3.43406
-5.30528
153.116
114.03
172.515
-2.54466
2.6345
-0.986433
-1.29797
3.15089
-3.73569
148.958
-78.7244
2.51728
-69.6834
140.8
143.212
130.389
-2.88059
146.434
148.578
-166.549
-113.823
-5.64597
27.9556
121.822
-85.1304
1.21403
147.859
25.7086
-8.49333
-13.8645
-16.7056
-15.4286
2.77189
-6.23491
140.35
-98.3155
146.065
148.254
17.7243
147.527
-1.79577
-5.09971
130.583
150.414
-97.1179
1.36596
-154.909
132.147
-121.338
-110.733
-90.1676
2.74658
-6.02629
-15.9559
136.915
135.794
14.5624
121.453
173.912
-161.149
2.65472
173.241
128.71
126.722
-118.432
-72.2151
-17.2148
1.25975
14.1033
-2.32698
-15.4322
12.6314
-8.30679
-84.9933
-13.6165
-109.606
-117.628
139.489
-4.93983
149.723
118.532
-2.95828
149.899
-4.36946
-98.0373
4.217
2.75812
144.841
0.165444
-4.50678
-88.2862
-89.0118
125.301
123.269
127.643
-169.904
-4.24934
140.371
134.015
128.699
-124.061
140.2
-122.282
11.2928
-1.66086
118.621
-158.648
-3.34786
-117.53
14.1842
115.959
10.3908
3.11486
174.982
-1.70183
2.08175
-3.2465
-75.6971
4.04116
12.6165
176.314
14.7559
134.55
44.219
-6.3291
12.8929
-96.6286
-122.31
8.82361
-3.60485
2.10975
9.50056
-3.90249
-98.5935
-1.8305
-3.57537
-8.42533
16.0188
7.57083
132.996
-5.76218
-16.2687
-16.6874
99.8222
127.8
-4.3374
134.609
171.225
133.954
-119.243
-6.03075
-3.61352
11.6764
16.049
10.9067
1.54788
-0.483056
168.244
-3.46414
147.469
16.4908
176.916
174.817
-3.15389
174.362
171.58
175.027
-113.2
139.413
136.957
105.69
-2.35283
172.385
-113.283
-1.03076
-5.63976
