302811
302812
302813
302814
302815
302816
302817
302818
302819
302820
302821
302822
302823
302824
302825
302826
302827
302828
302829
302830
302831
306897
302832
302833
302834
302835
302836
302837
302838
302839
302840
302841
302842
302843
302844
302845
302846
302847
302848
302849
306898
302851
302852
302853
302854
302855
302856
302857
302850
302858
302859
306768
306769
306770
306771
306772
306773
306774
349523
505806
302860
302861
302862
302866
302868
302870
302871
302877
302879
302881
302864
302891
302896
302898
302897
302899
302900
302901
302902
302903
302904
302905
302906
302907
302908
302909
302910
302912
302913
302914
302915
302916
302917
302918
302919
302920
302921
302922
302923
302924
302925
302926
302927
302928
302929
302930
302931
302932
302933
302934
302935
302936
306324
302937
302938
302939
302940
302941
302942
302943
302944
302945
302946
302947
302948
302949
302950
302951
302952
302953
302954
302955
349781
349783
302956
349782
302957
302958
302959
302960
302961
302962
302963
302964
302965
302966
302967
302968
302969
302970
302971
302972
302973
302974
302975
302976
430671
302977
302978
302979
302980
302981
302982
302983
302984
302985
302986
302987
302988
302989
302990
302991
302992
302993
302994
302995
302996
302997
302998
302999
303000
303001
303002
303003
303004
303005
303006
303007
303008
303009
303010
303011
303012
303013
303014
303015
303016
303017
303018
303019
303020
303021
303022
303023
303024
303025
303026
303027
303028
303029
303030
303031
303032
303033
303034
303035
303036
303037
303038
303039
303040
303041
303042
303043
303044
303045
303046
303047
303048
303049
303050
303051
303052
303053
303054
303055
303056
303057
303058
303059
303060
303061
303062
303063
303064
303065
303066
306743
306744
306742
306741
306740
306739
303067
303068
303069
303070
303071
303072
303073
303074
303075
303076
303077
303078
303079
515483
511214
303080
303081
303082
303083
303084
303085
303086
303087
303088
303089
303090
303091
303092
303093
303094
303095
303096
303097
303098
303099
303100
303101
303102
303103
303104
303105
303106
303107
303108
303109
303110
303111
303112
303113
303114
303115
303116
303117
303118
303119
303120
303121
303122
303123
303124
303125
303126
303127
303128
303129
303130
303131
303132
303133
303134
303135
303136
303137
303138
303139
303140
303141
303142
303143
303144
303145
303146
513963
303147
303148
303149
303150
303151
303152
303153
306734
306733
306732
306731
306730
303154
303155
332643
303156
303157
303158
303159
303160
332644
303161
303162
303163
303164
303165
332645
303166
332646
303167
303168
303169
303170
303171
303172
303173
303174
303175
303176
303177
303178
303179
303180
303181
303182
306727
303183
303184
303185
303186
303187
303188
303189
303190
303191
303192
303193
303194
303195
303196
303197
303198
595437
595439
595438
302911
303199
303200
303201
303202
303203
303204
303205
303206
303207
303208
303209
303210
303211
303212
303213
303214
303215
303216
303217
303218
303219
303220
303221
303222
303223
303224
303225
303226
303227
303228
336477
336476
336480
303229
336475
336478
336479
336481
303230
303232
336474
303235
336487
303237
303239
336488
303240
336482
336489
303234
303243
303242
303247
303244
303238
303245
336484
336483
336485
303248
336486
303249
303250
303251
303252
303253
303254
303255
303256
303257
303258
303259
303260
303261
303262
303263
303264
303265
303266
303267
303268
303269
303270
353983
353984
353985
303271
353986
303272
303273
303274
353987
303275
303276
303277
303278
353988
353989
303279
303280
303281
303282
303283
303284
303285
303286
303287
303288
303289
303290
303291
303292
303293
303294
303295
303296
303297
303298
303299
303300
303301
303302
303303
303304
303305
303306
303307
303308
303309
505642
303311
303312
303313
505637
505654
505643
505641
303314
505646
303310
303315
303316
505647
505638
303317
505639
505648
303318
505649
505650
303320
505651
505652
303319
505653
303321
303322
303323
303324
303325
303326
303327
303328
303329
303330
303331
303332
303333
303334
303335
303336
303337
303338
303339
303340
303341
303342
303343
303344
303345
303346
303347
303348
303349
303350
303351
303352
303353
303354
303355
303356
303357
303358
303359
303360
303361
303362
303363
303364
303365
303366
303367
303368
303369
303370
303371
303372
303373
303374
303375
303376
303377
303378
354596
303387
354598
303388
354599
303389
303379
303384
354601
303381
303395
303382
354597
354600
303386
303396
303397
303398
306387
303399
303400
303401
303402
303403
303404
306388
303405
303406
552946
303407
303408
303409
303410
303411
303412
303413
303414
303415
303416
303417
303418
303419
303420
303421
303422
303423
303424
303425
303426
303427
303428
303429
303430
303431
303432
303433
303434
303435
303436
303437
303438
303439
303440
303441
303442
303443
303444
303445
303446
303447
303448
303449
303450
303451
303452
303453
303454
303455
303456
303457
303458
303459
303460
303461
303462
303463
303464
303465
303466
303467
303468
303469
303470
303471
303472
303473
303474
303475
303476
303477
303478
303479
303480
303481
303482
303483
303484
303485
303486
303487
303488
303489
303490
303491
303492
303493
303494
303495
303496
303497
303498
303499
303501
303502
303503
303504
303505
303506
303507
303508
303509
303510
303511
303512
303500
336473
303513
303520
303522
303521
303523
306901
303524
303525
303526
303527
303528
303529
303530
303531
353671
303532
303533
303534
303535
303536
303537
303538
303539
303540
303541
303542
303543
303544
303545
303546
303548
303547
303549
303550
303551
303552
303553
303554
303555
303556
303557
303558
303559
303560
303561
303562
303563
306331
303564
303565
303566
303567
303568
303569
306329
306328
306327
306326
306325
303570
349860
306401
306400
306399
306398
306397
306396
306395
306394
306393
306392
303571
303572
303573
303574
303575
303576
303577
303578
303579
303580
303581
303582
303583
303584
303585
303586
303587
303588
303589
303590
303591
303592
303593
303594
303595
303596
303597
303598
303599
303600
303601
303602
303603
303604
303605
303606
303607
303608
303609
303610
303611
303612
303613
303614
303615
303616
303617
303618
303619
303620
303621
303622
303623
303624
303625
303626
303627
303628
303629
303630
303631
303632
303633
303634
303635
303636
303637
303638
303639
303640
303641
303642
303643
303644
303645
303646
303647
303648
303649
303650
430203
430204
430224
430225
430226
430227
430228
430229
430230
430231
303651
512322
512324
303652
303653
303654
303655
303656
303657
303658
303659
303660
303661
303662
303663
303664
303665
303666
303667
303668
303669
303670
303671
303672
303673
303674
303675
303676
303677
303678
303679
303680
303681
303682
303683
303684
303685
303686
303687
303688
303689
303690
303691
303692
303693
303694
303695
303696
303697
303698
303699
303700
303701
303702
303703
303704
303705
303706
303707
429962
303708
303709
303710
303711
303712
303713
303714
303715
303716
303717
303718
303719
303720
303721
303722
303723
303724
303725
303729
303730
303766
303772
303739
303740
303741
303742
303745
303747
303748
303755
303764
303761
303763
303765
303771
303759
303781
303782
303787
303788
303789
303790
303791
303792
303793
303794
303795
303796
430532
303797
303798
336998
303799
336503
336504
336505
336506
336507
336508
336509
336510
303802
336512
336513
336514
336515
336516
336517
336518
336519
336520
303805
303806
303807
303808
303809
303810
303811
303812
303813
303814
303815
303816
303817
303818
306351
306350
306348
306345
306347
306353
306337
306342
306352
306343
306341
306333
306336
303819
303820
303821
303822
303823
303824
303825
303826
303827
303828
303829
306374
306375
306377
303830
306376
303831
303832
303833
303834
303835
303836
303837
306412
306411
306410
306409
306408
306407
306406
306405
306404
306403
595549
306756
306402
303838
306381
306380
303839
534981
534984
534986
303840
303841
303842
430286
303843
430288
430287
303844
303845
430290
303846
430282
430289
303847
303848
303849
303850
430283
303851
303852
505040
505041
505045
505043
505042
505044
303853
303854
303855
303856
303858
303859
303860
303861
316858
306775
316861
316859
316860
316862
316863
316864
303894
303896
303897
303898
303899
303901
303903
303904
303905
303906
353665
563555
430179
430176
430178
430184
430177
353667
430183
353666
430182
430185
430181
430180
303958
303959
303960
303961
303962
303963
303964
303965
303966
303967
303968
303969
303970
303971
303972
303973
303974
303975
303976
303977
303978
303979
303980
303981
303982
303983
303984
303985
303986
303987
303988
303989
303990
303991
303992
303993
303994
303995
303996
303997
303998
303999
304000
304001
304002
304003
304004
504837
504839
504838
304005
576575
304006
304007
304008
304009
304010
304011
304012
304013
304014
304015
304016
304017
304018
304019
304020
304021
304022
304023
304024
304025
304026
304027
304028
304029
304030
304031
304032
304033
304034
304035
304036
304037
304038
304039
304040
304041
304042
304043
304044
306726
304045
306747
304046
304047
304048
304049
306746
304050
304051
304052
304053
304054
304055
304056
304057
304058
304059
304060
304061
304062
304063
304064
304065
304066
304067
304068
304069
304070
304071
304072
304073
304074
304075
304076
304077
304078
304079
304080
304081
304082
304083
304084
304085
304086
304087
304088
304089
304090
304091
304092
304093
304094
353952
304095
304096
304097
304098
304099
304100
304101
304102
304104
304105
304106
304107
304108
304109
306379
304110
304111
304112
316679
304113
304114
304115
304116
304117
304118
304103
552067
430275
430277
430276
304119
304120
304121
304122
304123
542895
304124
304125
304126
304127
304128
304130
304131
304129
304132
304133
304134
304135
304136
304137
304138
304139
304140
304141
304142
304143
304144
304145
304146
304147
304148
304149
304150
304151
304152
304153
304154
304155
304156
304157
304158
304159
304160
304161
304162
304163
304164
304165
304166
304167
304168
306729
304169
304170
304171
304173
304174
304175
304176
304177
304178
304179
304180
429963
304181
304182
304183
304184
304185
304186
304187
304188
304189
304190
304191
304192
316678
304193
304194
304195
304197
304196
304198
304199
304200
304201
304202
304203
304204
304205
304206
304207
304208
304209
304210
304211
304212
304213
304214
304215
304216
304217
304218
304239
304236
304238
304219
304220
304234
304227
304231
304232
306736
304222
304230
304233
304241
304226
304237
304223
304235
304224
304228
304229
304242
304240
304225
304221
304243
304245
304244
306735
306737
349689
304246
304247
304248
304249
304250
304251
304252
304253
304254
304255
306360
306355
306363
306358
306354
306366
306364
306367
306357
306356
306362
306365
306372
306361
306368
306371
306370
306369
306373
306359
304256
304257
304258
304259
304260
304261
304262
304263
304264
304265
304266
304267
304268
304269
304270
304271
304272
304273
304274
304275
304276
304277
304278
304279
304280
304281
304282
304283
304284
304285
304286
304287
304288
304289
304290
304291
304292
304293
304294
304295
304296
304297
304298
304299
304300
304301
304302
304303
304304
304305
304306
304307
304308
304309
304310
304311
304312
304313
304314
304315
304316
304317
304318
304319
304320
304321
304322
304323
304324
304325
304326
304327
304328
304329
304330
304331
304332
304333
304334
304335
304336
304337
304338
304339
304340
304341
304342
304343
304344
304345
317017
304346
304347
304348
304349
304350
304351
304352
304353
304354
304355
304356
304357
304358
304359
304360
304361
304362
304363
304364
304365
304366
304367
304368
430687
304369
304370
304371
304372
304373
304374
304375
304376
304377
304378
304379
304380
304381
304382
304383
304384
304385
304397
304396
304395
304386
304390
304389
304392
304388
304387
304399
304393
304398
304400
304401
304402
304403
304404
304405
304406
304407
304408
304409
304410
304411
304412
304413
304414
304415
304416
306323
304417
304418
304419
304420
304421
306757
304422
508990
508988
508989
304423
430273
304424
304425
304426
304427
304428
304429
306378
430278
304430
304431
304432
304433
304434
304435
304436
430281
304437
304438
304439
304440
304441
304442
304443
304444
304445
304446
304447
304448
304449
304450
304451
304452
304453
317033
304454
304455
304456
304457
304458
306414
304459
304460
306413
304461
304462
304463
304464
304465
306776
306777
306778
306779
306780
306781
306782
306783
306784
306785
306786
304466
306787
306788
306789
306790
306791
306792
306793
306794
306795
306796
306797
304467
306760
306759
306758
306763
306762
306761
306765
306764
306766
304468
304469
304470
304471
304472
304473
304474
304475
304476
304477
304478
304479
304480
304481
304482
304483
304484
304485
304486
304487
304488
304489
304490
304491
304492
304493
304494
304495
304496
304497
304498
304499
304500
304501
304502
304503
304504
513836
304505
513834
304506
513835
306322
513837
513838
513839
304507
513840
513841
304508
304509
353734
304510
304511
304512
304515
304516
304519
304518
304521
304522
353775
304524
353738
304526
304527
353739
304528
353751
304529
304530
353752
353753
304534
353754
353772
353773
304535
304536
304540
353774
304538
353735
353736
304541
304514
304517
304520
304525
304531
304533
304537
304539
304542
304543
304544
304545
304546
306767
304547
304548
304549
304550
304551
304552
304553
304554
304555
304556
304557
304558
304559
304560
304561
304562
304563
593287
593282
593280
593285
593274
593276
593284
593279
593286
593281
593283
593277
304615
304616
306445
306446
306447
306448
306449
306453
306454
306455
306458
306459
306460
306450
306461
306462
306463
304617
306464
306465
353956
306466
306467
306468
306469
306470
306471
304618
306473
306474
353957
306475
353958
306477
306478
306479
304619
306480
304620
304621
306569
306570
306571
306572
306573
306574
306575
306576
306577
306578
306579
306580
306581
306582
306583
306584
306585
306586
306587
306588
306589
304622
306728
304623
304624
304625
304626
304627
304628
304629
304630
304631
304632
304633
306568
304634
304635
508082
304636
304637
304638
304639
304640
304641
304642
304643
304644
304645
304646
304647
304648
304649
304650
304651
304652
304653
304654
317092
317093
317094
317095
317096
317097
317098
317099
304655
304656
304657
304658
304659
304660
304661
304662
304663
304664
304665
304666
304667
304668
304669
304670
304671
304672
304673
304674
304675
304676
304677
304678
304679
304680
304681
304682
304683
304684
304685
304686
304687
304688
304689
304690
304691
304692
304693
304694
304695
304696
304697
304698
304699
304700
304701
304702
304703
504909
504904
504905
504908
504910
504907
504906
304704
304705
304706
304707
304708
304709
304710
304711
304712
304713
304714
304715
304716
304717
304718
513293
513294
513295
304719
304720
505795
505796
505797
304721
306798
306799
306800
306801
306802
306803
306804
306805
306806
306807
306808
306809
306810
306811
306812
306813
306814
306815
306816
306817
306818
306819
306820
306821
306822
306823
306824
306825
306826
306827
306828
306829
306830
306831
306832
306833
306834
306835
306836
306837
306838
306839
306840
306841
306842
306843
306844
306845
306846
306847
306848
306849
306850
306851
306852
306853
306854
306855
306856
306857
306858
306859
306860
306861
306862
306863
306864
306865
304722
304723
304724
304725
304726
304727
304728
304729
304730
304731
304732
304733
304734
304735
304736
304737
304738
304739
304740
354351
304741
304742
304743
304744
304745
304746
304747
304748
304749
304750
304751
304752
304753
304754
304755
304756
304757
304758
304759
304760
304761
304762
304763
304764
304765
304766
304767
304768
304769
304770
304771
304772
304773
304774
304775
304776
304777
304778
304779
304780
304781
304782
304783
304784
304785
304786
304787
304788
304789
304790
304791
304792
304793
304794
304795
304796
304797
304798
304799
304800
304801
304802
304803
304804
304805
304806
304807
304808
304809
304810
304811
304812
304813
304814
304815
304816
304817
304818
304819
304820
304821
304822
304823
304824
304825
304826
304827
304828
304829
304830
304831
304832
304833
304834
304835
304836
304837
304838
304839
304840
304841
304842
304843
306567
304844
304845
304846
304847
304848
304849
304850
304851
304852
304853
304854
304859
304855
304856
317043
304857
304858
304860
304861
304862
304863
304864
509499
509497
509498
593624
304866
304867
304868
304869
304873
304870
304871
304872
304874
304875
304876
304877
304878
304879
304880
304881
304882
304883
304884
304885
304886
304887
304888
304889
304890
304891
304892
304893
304894
304895
304896
304897
304898
304899
304900
304901
304902
304903
304904
304905
304906
304907
304908
304909
304910
304911
304912
304913
304914
304915
304916
304917
304918
304919
304920
304921
304922
304923
304924
304925
304926
304927
304928
304929
304930
304931
304932
304933
304934
304935
304936
304937
304938
304939
304940
304941
304942
515202
304943
304944
304947
304955
304958
304961
510643
510642
304964
304965
349851
543798
543799
543800
349852
349853
525412
525413
349854
349855
349856
349858
543801
543802
304966
349859
430330
430331
306444
430332
430333
430334
430335
304967
306866
306867
306868
306869
306870
306871
306872
306873
306874
306875
306876
306877
306878
306879
304968
304969
304970
304971
304972
304973
304974
304975
304976
304977
304978
304979
304980
304981
304982
304983
304984
304985
304986
429965
430673
304987
317030
304988
304990
304991
304992
304993
304994
304995
304989
304996
316974
304997
304998
304999
305000
305001
305002
305003
305004
316975
305005
575134
316976
430533
305006
305007
305008
305009
305010
305011
305012
305013
305014
305015
305016
305017
305018
305019
305020
305021
305022
305023
305024
305025
305026
305027
305028
305029
305030
305031
305032
305033
305034
305035
305036
305037
305038
305039
305040
307235
307236
305041
305042
305043
305044
305045
305046
305047
305048
305049
305050
305051
305052
305053
305054
336924
305055
305056
305057
305058
305059
305060
305061
305062
594123
305063
305064
305065
305066
305067
564333
305068
305069
305070
305071
305072
305073
305074
305075
305076
305077
305078
305079
564334
305080
305081
305082
305083
336923
336922
594125
305084
305085
305086
305087
305088
305089
305090
305091
305092
305093
305094
305095
305096
305097
305098
305099
305100
430279
305101
430280
305102
305103
305104
305105
305106
305107
305108
305109
305110
305111
305112
305113
305114
305115
305116
305117
305118
305119
305120
305121
305122
305123
305124
305125
305126
305127
305128
305129
305130
305131
305132
305133
594263
305134
305135
305138
305136
305137
305139
305140
305141
305143
305144
305145
305146
305147
305148
305149
305150
305151
305152
305153
305154
305155
305156
305157
305158
305159
305160
305161
305162
305163
305164
305165
316595
316596
316597
316600
316598
316599
316601
316602
316603
316604
316606
316605
316607
316608
316609
305166
305167
305168
305169
305170
305171
305172
305173
305174
305175
305176
305177
305178
305179
305180
305181
305182
305183
305184
305185
305186
305187
306430
306429
306428
306427
306426
306425
306424
306423
306422
306420
306421
306419
306418
306417
306416
306415
305188
305189
305190
305191
305192
305193
305194
305195
305196
305197
305198
305199
305200
305201
305202
305203
305204
305205
306330
305206
305207
305210
305211
305212
305213
336916
305214
305215
305216
336917
505679
505680
505681
505682
305217
305218
305219
305220
305221
305222
305223
305224
305225
305226
305227
305228
305229
305230
305231
305232
305233
305234
305235
305236
305237
305238
305239
305240
305241
305242
305243
305244
305245
305246
305247
305248
305249
305250
305251
305252
305253
305254
305255
305256
305257
305258
305259
305260
306590
306591
306592
306593
306594
306595
306596
306597
306598
306599
306600
306601
306602
306603
306604
306605
306606
306607
306608
306609
306610
306611
306612
306613
306614
305261
305262
305263
305264
305265
305266
305267
305268
305269
305270
305271
305272
305273
305275
305276
305277
305278
305279
305280
305281
305282
305283
305284
305285
305286
305287
305288
305289
305290
305291
305292
305293
305294
305295
305296
305297
305298
305299
305300
305301
305302
305303
305304
305305
305306
305307
305308
305309
305310
305311
305312
305313
305314
305315
305316
305317
305318
305319
305320
305321
305322
305323
305324
305325
305326
305327
305328
305329
305330
305331
305332
305333
305334
305335
305336
305337
305338
305339
305340
305341
305342
305343
305344
305345
305346
305274
306620
306621
306622
306623
306624
305359
305360
305361
305362
305363
305364
305365
305366
305367
305368
305369
305370
305371
305372
305373
305374
306625
305375
305376
305377
305378
305379
306626
305380
305381
305382
306627
306628
306629
306630
306631
306632
306633
306634
306635
306636
306637
306638
306639
306640
306641
306642
306643
306644
306645
306646
306647
306648
306649
553968
305383
305384
305385
305386
305387
305388
305389
305390
305391
305392
305393
305394
305395
305396
305407
305408
305409
594846
309528
309529
305410
305411
305412
305413
305414
305415
305416
305417
305418
305419
305420
305421
305422
305423
305424
305425
305426
305427
305428
305429
305430
305431
305432
306650
306651
306652
306653
306654
305433
305434
305435
305436
305437
305438
305439
305440
305441
305442
305443
305444
305445
516514
305447
516516
305449
305450
305451
305452
305453
305454
305455
305456
305457
305458
305459
305460
305461
305462
305463
305464
305465
305466
305467
305468
305469
305470
305471
305472
305473
305474
305475
305476
305477
305478
305479
305480
305481
305482
305483
305484
305485
305486
305487
305488
305489
305490
305491
305492
305493
305494
305495
305496
305497
305498
305499
305500
305501
305502
305503
305504
305505
305506
305507
305508
305509
305510
305511
305512
305513
305514
305515
305516
305517
305518
305519
305520
305521
305522
306655
306656
306657
306658
306659
306660
306661
306662
306663
306664
306665
306666
306667
306668
306669
306670
306671
306672
306673
306674
306675
306676
306677
306678
306679
306680
306681
306682
306683
306684
305523
305524
305525
305526
305527
305528
305529
305530
305531
305532
305533
305534
305535
305536
305537
305538
305539
305540
305541
305542
305543
305544
305545
306685
305546
305547
305548
305549
305550
305551
305552
305553
305554
305555
305556
305557
305558
305559
305560
305561
305562
305563
305564
305565
305566
305567
305568
305569
305570
305571
305572
305573
305574
305575
306686
306687
306688
306689
306690
306691
306692
306693
306694
306695
305576
305577
305578
305579
305580
305581
305582
305583
305584
305585
305586
305587
305588
305589
516509
516511
516508
305590
305591
305592
305593
305594
305595
305596
305597
305598
305599
305600
305601
305602
305603
305604
306880
306881
306882
306883
306884
306885
306886
306887
306888
305605
305606
305607
305608
305609
305610
305611
305612
305613
305614
305615
305616
305617
305618
305619
305620
305621
305622
305623
305624
305625
305626
305627
305628
305629
305630
305631
305632
305633
305634
305635
305636
305637
305638
305639
305640
305641
305642
305643
305644
305645
305646
305647
594850
305398
305397
305400
305402
305399
305403
305401
305406
594851
594849
306899
305405
305404
350123
350124
350125
350126
350127
350128
305648
305650
305651
305652
305653
305654
305655
305656
305657
305658
305659
305660
305661
305662
305663
305664
305665
306900
305666
305667
305668
305669
305670
305671
305672
305673
305674
305675
305676
305677
305678
305679
305680
305681
305682
305683
305684
305685
306696
306697
306698
306699
306700
306701
306702
306703
306704
306705
306706
306707
306708
305686
306709
305687
430622
430633
305690
430623
430624
305691
430625
305692
305693
305694
305695
430626
430627
430628
430629
430630
305698
305699
430631
305700
430632
305701
305689
305702
306710
305703
305704
306711
305705
305706
305707
305708
305709
305710
305711
305712
305713
305714
305715
305716
305717
305718
305719
305720
305721
305722
305723
305724
305725
305726
305727
305728
305729
305730
305731
305732
305733
305734
305735
305736
305737
305738
305739
305740
305741
305742
305743
305744
305745
305746
305747
305748
305749
305750
305751
305752
305753
305754
305755
305756
305757
305758
305759
305760
305761
305762
305763
305764
305765
305766
305767
305768
305769
305770
305771
305772
305773
305774
305775
305776
305777
305778
305779
305780
305781
305782
305783
305784
317016
305785
305786
306738
305787
305788
305789
305790
305791
430274
305792
305793
305794
305795
305796
305797
305798
305799
305800
305801
305802
305803
305804
305805
305806
305807
305808
430045
305809
305810
305811
305812
305813
305814
305815
305816
305817
305818
305819
305820
305821
305822
305823
305824
305825
305826
305827
305828
305829
305830
305831
305832
305833
305834
306712
306713
306714
306715
306716
305835
305836
305837
305838
305839
305840
305841
305842
305843
305844
305845
305846
305847
305848
305849
305850
305851
305852
305853
305854
305855
305856
305857
305858
305859
305860
305861
305862
305863
305864
305865
305866
305867
305868
305869
305870
305871
305872
305873
305874
305875
305876
305877
305878
305879
305880
305881
305882
305883
305884
305885
305886
305887
305888
305889
305890
305891
305892
305893
305894
305895
305896
305897
305898
305899
305900
305901
305902
305903
305904
305905
305906
305907
305908
305909
305910
305911
305912
305913
305914
305915
305916
305917
305918
305919
305920
305921
305923
305924
305925
305926
305927
305928
305929
305930
305931
305934
305932
305933
306889
306890
306891
306892
306893
306894
306895
305935
306896
305936
306752
305937
305938
306751
305939
305940
305941
306750
305942
305943
305944
305949
305945
305946
305947
306749
305948
306748
305950
306755
305951
305952
306754
306753
305953
305954
305955
305956
305957
305958
305959
305960
305961
305962
305963
305964
305965
305966
305967
305968
305969
305970
305971
305972
305973
305974
305975
305976
305977
305978
305979
525652
305980
305981
305982
305983
305984
305985
305986
306717
305987
305988
305989
305990
305991
305992
305993
305994
305995
305996
305997
305998
306000
306001
306002
306003
306004
306005
306006
306007
306008
332486
332487
332488
306065
332489
306066
306067
306068
306069
306070
306071
306072
306073
306074
306075
306076
306077
306078
306079
306080
306081
306082
306083
306084
306085
306086
306087
306088
306089
306090
306091
306092
306093
306094
306095
306096
306097
306098
306099
306100
306101
306102
306103
306104
306105
306106
306107
306108
306109
306110
306111
306112
306113
306114
306115
306116
306117
306118
306119
306120
306121
306122
306123
306124
306125
306126
306127
306128
306129
306130
306131
306132
306133
306134
306135
306136
306137
306138
306139
306140
306141
306142
306143
306144
306145
306146
306147
306148
306149
306150
306151
306153
306154
306155
306156
306157
306158
306159
306160
306161
306162
306163
306745
306718
306719
306720
306721
306722
306723
306164
306165
306166
306167
306168
306169
306170
306171
306172
306173
306174
306175
306176
306177
306178
306179
306180
306181
306182
306183
306184
306185
306186
306187
306188
306189
306190
306191
595341
595343
595342
306192
351367
351365
351363
351361
351364
351366
351368
351362
306254
306255
306256
306257
306258
306259
306260
306261
513597
513598
306262
513599
306263
306264
306265
306266
306267
306268
306269
306270
306271
306272
306273
306274
317196
317194
317195
317197
317191
317193
317192
593723
306275
306276
306277
306278
306279
306280
306281
306282
306724
306283
306725
306284
306285
306286
306288
595543
306289
306290
306291
595540
306292
306293
306294
306295
306296
306297
306298
306299
306300
306301
306302
306303
306304
306385
306384
306383
306305
306382
306306
306386
306307
306308
504569
306309
306310
306311
306312
306313
306314
306315
306316
306317
306318
306319
306320
306321
