800.0
350.0
200.0
800.0
370.0
150.0
500.0
600.0
225.0
300.0
1700.0
394.0
340.0
385.0
675.0
1000.0
500.0
895.0
120.0
241.0
500.0
48.0
64.0
500.0
100.0
143.0
275.0
600.0
130.0
250.0
563.0
80.0
250.0
800.0
300.0
500.0
825.0
410.0
355.0
260.0
442.0
300.0
380.0
538.0
300.0
490.0
800.0
100.0
183.0
500.0
130.0
400.0
160.0
125.0
237.0
240.0
200.0
300.0
900.0
730.0
300.0
200.0
600.0
300.0
190.0
1390.0
300.0
500.0
323.0
300.0
195.0
400.0
50.0
225.0
400.0
800.0
500.0
1945.0
280.0
60.0
500.0
700.0
2879.0
100.0
500.0
800.0
100.0
306.0
400.0
19.0
213.0
500.0
590.0
900.0
925.0
200.0
38.0
400.0
437.0
1050.0
300.0
1850.0
485.0
205.0
300.0
741.0
300.0
700.0
500.0
600.0
300.0
265.0
200.0
1150.0
413.0
340.0
800.0
358.0
200.0
200.0
200.0
800.0
300.0
300.0
500.0
800.0
600.0
550.0
1200.0
597.0
388.0
500.0
335.0
295.0
250.0
700.0
110.0
537.0
200.0
460.0
550.0
180.0
250.0
300.0
565.0
732.0
1159.0
130.0
734.0
275.0
300.0
500.0
545.0
250.0
1541.0
100.0
500.0
500.0
375.0
324.0
199.0
200.0
200.0
600.0
500.0
900.0
480.0
740.0
571.0
300.0
500.0
300.0
30.0
600.0
300.0
200.0
1145.0
315.0
200.0
400.0
420.0
512.0
75.0
278.0
200.0
820.0
700.0
660.0
660.0
200.0
80.0
340.0
225.0
796.0
75.0
300.0
200.0
486.0
225.0
350.0
400.0
100.0
400.0
200.0
500.0
600.0
300.0
200.0
985.0
800.0
800.0
384.0
220.0
300.0
370.0
300.0
400.0
433.0
122.0
197.0
400.0
425.0
500.0
200.0
200.0
520.0
293.0
771.0
380.0
165.0
300.0
300.0
123.0
200.0
500.0
2370.0
230.0
150.0
650.0
285.0
900.0
200.0
300.0
600.0
600.0
656.0
225.0
300.0
1000.0
400.0
200.0
210.0
375.0
300.0
600.0
550.0
300.0
580.0
400.0
700.0
380.0
798.0
2750.0
880.0
985.0
500.0
450.0
657.0
150.0
400.0
440.0
300.0
545.0
771.0
984.0
174.0
540.0
300.0
131.0
500.0
689.0
197.0
675.0
150.0
600.0
820.0
452.0
700.0
397.0
830.0
200.0
400.0
150.0
390.0
250.0
197.0
300.0
984.0
480.0
350.0
329.0
600.0
1214.0
604.0
450.0
292.0
180.0
364.0
607.0
150.0
837.0
689.0
551.0
98.0
443.0
166.0
124.0
270.0
470.0
320.0
577.0
33.0
1366.0
360.0
400.0
315.0
1500.0
1200.0
60.0
456.0
288.0
459.0
394.0
614.0
480.0
1000.0
530.0
400.0
204.0
740.0
1000.0
300.0
171.0
305.0
1337.0
117.0
300.0
1035.0
968.0
385.0
821.0
200.0
70.0
1967.0
300.0
225.0
100.0
400.0
200.0
418.0
553.0
200.0
302.0
300.0
600.0
414.0
700.0
962.0
100.0
358.0
784.0
200.0
300.0
300.0
442.0
1640.0
300.0
252.0
150.0
260.0
100.0
300.0
470.0
793.0
228.0
482.0
300.0
100.0
491.0
210.0
300.0
200.0
20.0
200.0
600.0
1200.0
300.0
900.0
460.0
378.0
269.0
850.0
600.0
197.0
760.0
200.0
500.0
430.0
500.0
225.0
260.0
1000.0
463.0
100.0
290.0
1200.0
300.0
200.0
500.0
500.0
300.0
300.0
600.0
900.0
415.0
715.0
200.0
980.0
775.0
200.0
486.0
500.0
200.0
1000.0
256.0
150.0
440.0
255.0
350.0
200.0
800.0
300.0
275.0
650.0
350.0
60.0
520.0
400.0
965.0
270.0
200.0
490.0
300.0
1610.0
90.0
100.0
900.0
105.0
400.0
286.0
613.0
50.0
150.0
120.0
400.0
100.0
700.0
495.0
1000.0
564.0
1000.0
600.0
1000.0
670.0
300.0
600.0
500.0
146.0
634.0
200.0
200.0
650.0
998.0
429.0
800.0
620.0
240.0
1350.0
80.0
740.0
500.0
500.0
308.0
1795.0
214.0
196.0
100.0
665.0
143.0
438.0
400.0
395.0
406.0
800.0
750.0
275.0
508.0
470.0
300.0
275.0
338.0
200.0
225.0
500.0
300.0
200.0
200.0
600.0
150.0
340.0
500.0
200.0
520.0
429.0
840.0
200.0
1000.0
300.0
200.0
400.0
75.0
300.0
176.0
1100.0
785.0
100.0
870.0
114.0
600.0
701.0
57.0
480.0
860.0
1000.0
600.0
1314.0
310.0
500.0
415.0
825.0
240.0
343.0
522.0
230.0
600.0
200.0
350.0
1070.0
915.0
395.0
370.0
250.0
86.0
158.0
1500.0
590.0
890.0
355.0
300.0
300.0
600.0
200.0
280.0
300.0
332.0
212.0
246.0
270.0
500.0
458.0
180.0
600.0
450.0
300.0
939.0
600.0
150.0
182.0
607.0
668.0
597.0
327.0
300.0
177.0
543.0
200.0
130.0
750.0
650.0
285.0
540.0
1250.0
200.0
700.0
450.0
880.0
150.0
800.0
270.0
483.0
245.0
765.0
400.0
771.0
582.0
300.0
470.0
300.0
250.0
435.0
560.0
75.0
800.0
200.0
597.0
300.0
233.0
590.0
600.0
528.0
177.0
500.0
319.0
880.0
3428.0
190.0
395.0
300.0
80.0
200.0
1199.0
400.0
47.0
770.0
286.0
500.0
1000.0
98.0
798.0
100.0
1140.0
400.0
300.0
750.0
500.0
150.0
541.0
400.0
300.0
400.0
380.0
130.0
270.0
400.0
300.0
1.0
200.0
1.0
200.0
197.0
197.0
239.0
399.0
1000.0
500.0
500.0
500.0
500.0
500.0
1160.0
100.0
43.0
66.0
213.0
705.0
541.0
525.0
225.0
152.0
350.0
200.0
315.0
300.0
261.0
448.0
80.0
151.0
300.0
170.0
320.0
360.0
140.0
160.0
273.0
646.0
1190.0
500.0
223.0
100.0
1183.0
540.0
716.0
224.0
196.0
300.0
400.0
750.0
230.0
350.0
250.0
226.0
700.0
200.0
1050.0
500.0
640.0
930.0
231.0
694.0
400.0
449.0
176.0
250.0
45.0
155.0
300.0
1000.0
384.0
344.0
200.0
1000.0
358.0
247.0
920.0
400.0
460.0
500.0
138.0
535.0
800.0
200.0
200.0
400.0
400.0
949.0
200.0
197.0
300.0
200.0
200.0
400.0
730.0
100.0
100.0
450.0
200.0
200.0
275.0
885.0
35.0
360.0
565.0
900.0
410.0
225.0
100.0
600.0
400.0
250.0
500.0
400.0
700.0
200.0
210.0
110.0
312.0
299.0
960.0
1000.0
800.0
350.0
870.0
115.0
512.0
1002.0
820.0
400.0
484.0
207.0
655.0
200.0
120.0
361.0
303.0
400.0
500.0
200.0
100.0
337.0
200.0
164.0
1651.0
550.0
300.0
1143.0
325.0
200.0
98.0
300.0
1030.0
200.0
295.0
1000.0
200.0
192.0
1100.0
460.0
191.0
300.0
373.0
407.0
500.0
295.0
1400.0
689.0
300.0
886.0
230.0
485.0
197.0
588.0
557.0
1475.0
172.0
324.0
600.0
250.0
200.0
1200.0
717.0
300.0
111.0
320.0
142.0
70.0
200.0
1132.0
80.0
200.0
70.0
1105.0
335.0
196.0
2370.0
789.0
190.0
1120.0
1209.0
556.0
574.0
110.0
180.0
121.0
100.0
1148.0
215.0
200.0
133.0
150.0
686.0
164.0
279.0
3937.0
240.0
200.0
600.0
1349.0
656.0
328.0
197.0
300.0
657.0
575.0
300.0
292.0
2106.0
200.0
1128.0
24.0
571.0
984.0
311.0
970.0
490.0
380.0
1362.0
2750.0
880.0
230.0
985.0
164.0
197.0
984.0
805.0
410.0
164.0
150.0
990.0
689.0
656.0
512.0
1464.0
984.0
984.0
541.0
984.0
68.0
229.0
768.0
624.0
984.0
174.0
82.0
722.0
98.0
2474.0
144.0
953.0
1.0
98.0
360.0
131.0
1149.0
840.0
1158.0
709.0
242.0
285.0
984.0
345.0
672.0
197.0
98.0
689.0
534.0
197.0
269.0
196.0
675.0
98.0
161.0
624.0
790.0
598.0
197.0
820.0
394.0
230.0
452.0
902.0
830.0
492.0
298.0
1407.0
853.0
115.0
415.0
475.0
330.0
328.0
197.0
328.0
827.0
98.0
591.0
984.0
508.0
426.0
1574.0
788.0
65.0
984.0
196.0
328.0
395.0
656.0
19.0
197.0
656.0
885.0
197.0
329.0
1132.0
393.0
820.0
1214.0
525.0
656.0
1213.0
502.0
1093.0
987.0
420.0
289.0
1024.0
397.0
295.0
459.0
615.0
869.0
325.0
600.0
604.0
292.0
364.0
76.0
1400.0
670.0
135.0
837.0
689.0
551.0
295.0
98.0
443.0
279.0
75.0
400.0
685.0
275.0
33.0
299.0
313.0
1366.0
878.0
211.0
2090.0
151.0
843.0
479.0
115.0
423.0
770.0
787.0
325.0
806.0
647.0
179.0
962.0
354.0
984.0
459.0
446.0
426.0
620.0
630.0
221.0
401.0
162.0
500.0
131.0
394.0
105.0
614.0
1017.0
980.0
700.0
204.0
197.0
492.0
171.0
305.0
476.0
364.0
581.0
705.0
407.0
184.0
203.0
337.0
452.0
190.0
203.0
117.0
43.0
968.0
148.0
203.0
655.0
1037.0
504.0
1476.0
443.0
820.0
899.0
394.0
821.0
192.0
331.0
804.0
1053.0
656.0
50.0
972.0
397.0
444.0
446.0
249.0
656.0
295.0
601.0
459.0
98.0
470.0
50.0
492.0
1967.0
886.0
1092.0
410.0
361.0
193.0
492.0
755.0
418.0
889.0
623.0
214.0
207.0
197.0
362.0
263.0
232.0
1450.0
897.0
197.0
302.0
459.0
395.0
189.0
394.0
148.0
345.0
1231.0
459.0
962.0
501.0
492.0
200.0
1735.0
328.0
784.0
922.0
1045.0
1020.0
1640.0
639.0
154.0
256.0
188.0
689.0
3740.0
328.0
736.0
197.0
197.0
459.0
196.0
793.0
228.0
482.0
491.0
121.0
602.0
1178.0
788.0
100.0
1000.0
640.0
900.0
150.0
317.0
470.0
650.0
160.0
252.0
175.0
455.0
378.0
475.0
275.0
230.0
980.0
197.0
328.0
330.0
624.0
580.0
141.0
692.0
260.0
102.0
480.0
400.0
300.0
650.0
700.0
290.0
445.0
275.0
170.0
350.0
730.0
250.0
600.0
1033.0
128.0
591.0
240.0
131.0
377.0
1643.0
510.0
225.0
810.0
1000.0
1100.0
680.0
1340.0
532.0
471.0
170.0
300.0
463.0
284.0
10.0
820.0
200.0
1445.0
1165.0
290.0
500.0
492.0
200.0
492.0
164.0
1000.0
256.0
234.0
245.0
984.0
656.0
650.0
200.0
1297.0
400.0
60.0
607.0
1300.0
2038.0
281.0
607.0
166.0
197.0
312.0
1033.0
30.0
1050.0
315.0
2600.0
1719.0
900.0
413.0
300.0
250.0
100.0
200.0
1200.0
820.0
1640.0
233.0
194.0
394.0
1610.0
354.0
400.0
400.0
700.0
118.0
220.0
410.0
1235.0
1170.0
985.0
728.0
2813.0
655.0
495.0
330.0
574.0
985.0
656.0
295.0
160.0
220.0
716.0
495.0
170.0
650.0
1154.0
635.0
1046.0
705.0
1745.0
624.0
1070.0
110.0
238.0
300.0
277.0
344.0
100.0
1130.0
300.0
200.0
500.0
652.0
90.0
313.0
400.0
199.0
230.0
404.0
300.0
1003.0
310.0
45.0
300.0
300.0
279.0
465.0
660.0
11.0
4215.0
197.0
200.0
670.0
150.0
700.0
300.0
225.0
190.0
700.0
250.0
240.0
150.0
2300.0
135.0
305.0
80.0
600.0
209.0
376.0
300.0
250.0
777.0
720.0
289.0
692.0
200.0
200.0
355.0
977.0
195.0
875.0
1120.0
150.0
445.0
198.0
593.0
1196.0
994.0
634.0
696.0
325.0
429.0
400.0
629.0
1095.0
183.0
315.0
500.0
530.0
590.0
500.0
176.0
850.0
800.0
1270.0
939.0
100.0
389.0
270.0
200.0
699.0
129.0
785.0
534.0
350.0
115.0
700.0
105.0
200.0
222.0
239.0
300.0
700.0
693.0
79.0
300.0
110.0
236.0
130.0
57.0
175.0
737.0
180.0
487.0
300.0
500.0
124.0
1000.0
246.0
988.0
85.0
476.0
101.0
300.0
304.0
1000.0
101.0
457.0
675.0
100.0
1314.0
105.0
310.0
245.0
400.0
286.0
299.0
60.0
449.0
1176.0
371.0
240.0
400.0
490.0
210.0
350.0
522.0
770.0
300.0
140.0
300.0
665.0
603.0
1000.0
820.0
350.0
816.0
995.0
254.0
258.0
370.0
86.0
158.0
500.0
390.0
237.0
350.0
320.0
812.0
289.0
355.0
180.0
400.0
374.0
230.0
600.0
624.0
577.0
750.0
61.0
155.0
212.0
1000.0
350.0
365.0
300.0
270.0
597.0
230.0
397.0
259.0
209.0
240.0
458.0
180.0
140.0
175.0
1731.0
405.0
450.0
260.0
1131.0
290.0
400.0
939.0
450.0
700.0
150.0
780.0
607.0
668.0
250.0
307.0
145.0
120.0
275.0
140.0
578.0
177.0
291.0
200.0
389.0
400.0
200.0
200.0
475.0
514.0
220.0
295.0
375.0
57.0
601.0
1048.0
250.0
175.0
800.0
140.0
200.0
650.0
1269.0
266.0
144.0
213.0
882.0
1152.0
260.0
230.0
577.0
200.0
610.0
240.0
400.0
140.0
900.0
695.0
450.0
880.0
187.0
393.0
800.0
412.0
200.0
400.0
500.0
330.0
500.0
100.0
771.0
582.0
601.0
88.0
298.0
615.0
196.0
81.0
470.0
190.0
849.0
1201.0
435.0
321.0
450.0
597.0
113.0
233.0
800.0
704.0
900.0
300.0
297.0
145.0
1000.0
500.0
149.0
335.0
236.0
528.0
350.0
225.0
378.0
319.0
364.0
571.0
500.0
375.0
887.0
3428.0
1770.0
1000.0
218.0
190.0
395.0
200.0
222.0
67.0
741.0
230.0
819.0
1199.0
561.0
500.0
390.0
424.0
315.0
500.0
720.0
350.0
300.0
272.0
190.0
395.0
349.0
500.0
606.0
90.0
300.0
185.0
564.0
350.0
100.0
550.0
1140.0
305.0
170.0
300.0
300.0
262.0
300.0
600.0
301.0
1000.0
599.0
600.0
158.0
601.0
350.0
338.0
500.0
135.0
150.0
100.0
200.0
500.0
840.0
201.0
400.0
425.0
503.0
360.0
1344.0
229.0
650.0
425.0
250.0
750.0
616.0
130.0
270.0
400.0
300.0
355.0
680.0
680.0
100.0
399.0
150.0
225.0
250.0
1000.0
163.0
675.0
1160.0
242.0
1000.0
256.0
325.0
281.0
630.0
891.0
900.0
648.0
570.0
716.0
224.0
196.0
288.0
315.0
400.0
750.0
190.0
170.0
275.0
1200.0
552.0
200.0
640.0
930.0
208.0
734.0
231.0
694.0
400.0
449.0
176.0
250.0
45.0
155.0
256.0
200.0
535.0
800.0
1442.0
1100.0
500.0
1000.0
1390.0
795.0
400.0
641.0
300.0
307.0
885.0
207.0
781.0
413.0
1423.0
1794.0
298.0
35.0
360.0
360.0
749.0
289.0
65.0
70.0
255.0
312.0
706.0
237.0
200.0
299.0
200.0
1000.0
400.0
459.0
242.0
111.0
604.0
124.0
188.0
399.0
189.0
789.0
200.0
200.0
199.0
253.0
750.0
510.0
75.0
250.0
1001.0
310.0
590.0
200.0
250.0
339.0
301.0
52.0
270.0
225.0
205.0
300.0
600.0
194.0
200.0
440.0
275.0
1100.0
2100.0
180.0
763.0
680.0
532.0
79.0
471.0
560.0
265.0
115.0
463.0
162.0
284.0
793.0
500.0
490.0
200.0
1297.0
330.0
200.0
200.0
50.0
190.0
950.0
206.0
200.0
106.0
800.0
600.0
353.0
300.0
676.0
60.0
210.0
185.0
350.0
403.0
150.0
130.0
413.0
590.0
194.0
302.0
100.0
900.0
118.0
130.0
220.0
410.0
136.0
290.0
801.0
344.0
990.0
1258.0
373.0
150.0
600.0
170.0
2696.0
1030.0
3263.0
200.0
300.0
80.0
652.0
500.0
315.0
400.0
687.0
1100.0
282.0
340.0
202.0
160.0
101.0
200.0
240.0
330.0
550.0
600.0
144.0
838.0
90.0
380.0
313.0
878.0
1397.0
957.0
301.0
590.0
1003.0
543.0
310.0
45.0
105.0
532.0
2000.0
292.0
215.0
279.0
465.0
164.0
1250.0
660.0
514.0
470.0
600.0
1124.0
1030.0
459.0
120.0
197.0
310.0
341.0
550.0
395.0
290.0
750.0
924.0
700.0
500.0
285.0
391.0
762.0
500.0
190.0
400.0
500.0
150.0
500.0
600.0
376.0
300.0
250.0
777.0
210.0
254.0
691.0
200.0
750.0
994.0
878.0
634.0
696.0
1000.0
183.0
315.0
445.0
590.0
850.0
800.0
1270.0
939.0
389.0
241.0
200.0
699.0
785.0
683.0
534.0
700.0
210.0
222.0
300.0
130.0
175.0
180.0
487.0
300.0
1000.0
1400.0
500.0
124.0
1000.0
989.0
988.0
300.0
304.0
457.0
100.0
400.0
286.0
299.0
60.0
167.0
1176.0
371.0
270.0
247.0
210.0
200.0
140.0
300.0
300.0
100.0
820.0
995.0
605.0
750.0
185.0
270.0
490.0
589.0
200.0
385.0
600.0
90.0
389.0
510.0
1509.0
193.0
200.0
199.0
300.0
120.0
260.0
1100.0
357.0
851.0
159.0
440.0
143.0
200.0
910.0
950.0
150.0
183.0
300.0
428.0
789.0
700.0
250.0
403.0
850.0
1659.0
500.0
1000.0
500.0
1377.0
35.0
208.0
811.0
428.0
350.0
160.0
999.0
455.0
680.0
200.0
384.0
135.0
350.0
50.0
470.0
558.0
86.0
504.0
688.0
300.0
113.0
200.0
300.0
600.0
200.0
1500.0
200.0
228.0
928.0
355.0
1251.0
433.0
380.0
770.0
371.0
200.0
498.0
166.0
410.0
409.0
560.0
499.0
290.0
990.0
990.0
340.0
790.0
300.0
200.0
300.0
142.0
175.0
560.0
242.0
140.0
190.0
197.0
421.0
330.0
281.0
231.0
250.0
260.0
1000.0
319.0
1810.0
314.0
500.0
600.0
450.0
399.0
1000.0
450.0
400.0
1306.0
687.0
250.0
600.0
300.0
800.0
1984.0
375.0
2537.0
2542.0
92.0
600.0
324.0
500.0
300.0
600.0
408.0
600.0
750.0
263.0
290.0
500.0
1147.0
372.0
910.0
200.0
500.0
400.0
460.0
880.0
481.0
550.0
2000.0
226.0
89.0
154.0
250.0
402.0
400.0
57.0
191.0
400.0
550.0
526.0
300.0
261.0
299.0
90.0
580.0
770.0
100.0
502.0
740.0
540.0
200.0
115.0
400.0
375.0
2037.0
200.0
400.0
65.0
330.0
540.0
238.0
200.0
114.0
300.0
245.0
1089.0
200.0
322.0
551.0
800.0
202.0
480.0
294.0
510.0
200.0
762.0
542.0
400.0
460.0
400.0
175.0
340.0
478.0
750.0
590.0
80.0
900.0
743.0
75.0
129.0
297.0
500.0
108.0
300.0
450.0
1366.0
1000.0
864.0
600.0
400.0
370.0
569.0
125.0
900.0
191.0
200.0
300.0
656.0
720.0
393.0
575.0
197.0
525.0
853.0
174.0
656.0
1509.0
217.0
300.0
492.0
1640.0
3445.0
230.0
417.0
984.0
821.0
150.0
230.0
820.0
492.0
385.0
1312.0
804.0
459.0
367.0
1532.0
196.0
364.0
1050.0
524.0
640.0
1132.0
1240.0
560.0
1641.0
656.0
164.0
492.0
755.0
492.0
1099.0
705.0
820.0
248.0
262.0
197.0
263.0
492.0
1312.0
245.0
738.0
721.0
197.0
230.0
230.0
1079.0
509.0
610.0
131.0
820.0
820.0
492.0
656.0
744.0
393.0
460.0
476.0
426.0
526.0
650.0
295.0
755.0
410.0
984.0
935.0
200.0
558.0
495.0
2165.0
345.0
575.0
905.0
557.0
360.0
1017.0
820.0
459.0
361.0
985.0
2953.0
1969.0
1969.0
443.0
328.0
279.0
1427.0
430.0
430.0
558.0
584.0
367.0
344.0
1066.0
377.0
1280.0
197.0
918.0
656.0
984.0
476.0
443.0
1378.0
567.0
951.0
918.0
590.0
164.0
694.0
722.0
846.0
558.0
525.0
1313.0
197.0
1050.0
360.0
328.0
673.0
394.0
984.0
984.0
198.0
227.0
278.0
394.0
328.0
912.0
250.0
492.0
213.0
557.0
1247.0
1755.0
492.0
80.0
669.0
102.0
2625.0
955.0
702.0
659.0
979.0
33.0
430.0
384.0
233.0
617.0
230.0
392.0
285.0
351.0
279.0
10.0
679.0
738.0
164.0
820.0
139.0
349.0
98.0
282.0
226.0
213.0
495.0
495.0
492.0
381.0
270.0
306.0
820.0
820.0
1329.0
427.0
328.0
1148.0
528.0
265.0
597.0
873.0
115.0
200.0
377.0
1188.0
389.0
812.0
640.0
1006.0
953.0
735.0
1345.0
492.0
430.0
1053.0
285.0
315.0
624.0
843.0
2287.0
820.0
203.0
752.0
200.0
1575.0
472.0
320.0
1969.0
246.0
380.0
320.0
465.0
492.0
492.0
696.0
620.0
213.0
328.0
213.0
590.0
492.0
98.0
98.0
1135.0
190.0
1115.0
164.0
233.0
3300.0
393.0
492.0
196.0
493.0
787.0
394.0
656.0
1640.0
328.0
492.0
787.0
180.0
98.0
197.0
148.0
182.0
500.0
131.0
490.0
863.0
787.0
197.0
295.0
492.0
1969.0
492.0
466.0
198.0
1666.0
2609.0
328.0
994.0
1050.0
328.0
164.0
596.0
1357.0
2165.0
360.0
160.0
328.0
290.0
672.0
360.0
200.0
85.0
1541.0
328.0
360.0
524.0
984.0
368.0
3900.0
375.0
1312.0
985.0
656.0
777.0
722.0
200.0
555.0
290.0
700.0
110.0
363.0
200.0
270.0
1420.0
334.0
656.0
260.0
886.0
869.0
960.0
470.0
660.0
1641.0
865.0
275.0
200.0
525.0
500.0
645.0
1082.0
541.0
1724.0
161.0
1969.0
350.0
285.0
164.0
980.0
700.0
843.0
305.0
1204.0
1315.0
984.0
400.0
200.0
160.0
300.0
205.0
800.0
1000.0
340.0
1655.0
263.0
1605.0
327.0
280.0
800.0
390.0
344.0
330.0
150.0
50.0
100.0
500.0
475.0
430.0
1542.0
367.0
755.0
394.0
413.0
479.0
82.0
410.0
525.0
509.0
653.0
262.0
446.0
197.0
180.0
427.0
689.0
200.0
174.0
33.0
302.0
276.0
558.0
49.0
102.0
2099.0
328.0
262.0
361.0
686.0
171.0
66.0
220.0
1010.0
197.0
738.0
72.0
365.0
131.0
77.0
98.0
210.0
92.0
230.0
360.0
108.0
606.0
495.0
2325.0
2001.0
1733.0
1000.0
395.0
625.0
990.0
787.0
1164.0
1168.0
1005.0
950.0
984.0
940.0
700.0
478.0
1972.0
515.0
492.0
1687.0
1509.0
886.0
200.0
462.0
3265.0
2788.0
250.0
2559.0
289.0
1083.0
984.0
433.0
492.0
984.0
820.0
531.0
220.0
3180.0
394.0
65.0
885.0
3403.0
1200.0
590.0
230.0
556.0
101.0
1000.0
565.0
375.0
342.0
30.0
100.0
656.0
200.0
380.0
32.0
1995.0
205.0
593.0
677.0
197.0
394.0
1477.0
200.0
100.0
1167.0
181.0
328.0
190.0
190.0
2460.0
193.0
197.0
197.0
245.0
185.0
213.0
328.0
220.0
865.0
1350.0
620.0
100.0
145.0
380.0
200.0
300.0
495.0
30.0
490.0
760.0
200.0
198.0
145.0
190.0
1180.0
190.0
230.0
328.0
2625.0
345.0
210.0
243.0
200.0
417.0
830.0
1476.0
495.0
2172.0
656.0
984.0
400.0
515.0
500.0
1010.0
112.0
1075.0
815.0
207.0
525.0
500.0
982.0
200.0
197.0
328.0
300.0
492.0
230.0
1476.0
1800.0
636.0
552.0
272.0
1870.0
810.0
115.0
1089.0
427.0
320.0
393.0
230.0
190.0
227.0
100.0
1005.0
984.0
175.0
265.0
170.0
280.0
574.0
732.0
984.0
1690.0
1667.0
558.0
197.0
150.0
2001.0
1467.0
90.0
555.0
525.0
984.0
630.0
148.0
1149.0
490.0
1278.0
980.0
1480.0
1541.0
353.0
660.0
2900.0
1148.0
320.0
175.0
1628.0
215.0
330.0
472.0
984.0
525.0
820.0
2300.0
983.0
500.0
220.0
1007.0
493.0
394.0
492.0
323.0
195.0
985.0
170.0
722.0
1000.0
375.0
1650.0
3400.0
840.0
236.0
2080.0
240.0
157.0
275.0
1765.0
794.0
656.0
600.0
400.0
385.0
100.0
340.0
625.0
340.0
75.0
100.0
370.0
1050.0
1349.0
300.0
222.0
440.0
1000.0
300.0
197.0
197.0
313.0
100.0
50.0
370.0
180.0
500.0
1000.0
725.0
400.0
602.0
840.0
500.0
250.0
9.0
600.0
220.0
300.0
200.0
200.0
300.0
922.0
200.0
755.0
1020.0
400.0
100.0
300.0
450.0
1235.0
150.0
150.0
300.0
700.0
325.0
210.0
270.0
100.0
80.0
360.0
250.0
700.0
258.0
300.0
320.0
250.0
400.0
250.0
500.0
750.0
175.0
140.0
187.0
330.0
200.0
230.0
210.0
262.0
400.0
260.0
1100.0
600.0
1423.0
289.0
541.0
200.0
600.0
600.0
600.0
250.0
700.0
225.0
200.0
3324.0
600.0
315.0
265.0
292.0
50.0
270.0
360.0
459.0
500.0
878.0
275.0
1000.0
800.0
200.0
408.0
515.0
1189.0
368.0
543.0
525.0
119.0
1643.0
168.0
511.0
180.0
209.0
289.0
770.0
353.0
406.0
627.0
300.0
824.0
30.0
200.0
572.0
600.0
430.0
479.0
125.0
700.0
983.0
525.0
1142.0
820.0
600.0
400.0
400.0
400.0
80.0
189.0
210.0
635.0
399.0
1072.0
580.0
240.0
1070.0
150.0
150.0
300.0
1000.0
200.0
47.0
300.0
500.0
340.0
644.0
550.0
330.0
420.0
200.0
945.0
400.0
450.0
66.0
700.0
470.0
100.0
300.0
120.0
600.0
968.0
1200.0
200.0
300.0
400.0
400.0
100.0
700.0
200.0
500.0
1066.0
1965.0
1335.0
975.0
430.0
820.0
680.0
203.0
1044.0
1300.0
1581.0
853.0
427.0
175.0
587.0
470.0
300.0
492.0
100.0
200.0
1390.0
245.0
470.0
125.0
212.0
600.0
330.0
440.0
445.0
1005.0
580.0
1075.0
1000.0
500.0
756.0
700.0
2000.0
1530.0
499.0
4790.0
1480.0
690.0
370.0
225.0
940.0
196.0
210.0
1215.0
400.0
1616.0
350.0
660.0
625.0
570.0
340.0
1120.0
2424.0
1161.0
203.0
787.0
522.0
515.0
298.0
952.0
870.0
1148.0
330.0
492.0
325.0
983.0
492.0
325.0
325.0
177.0
200.0
300.0
98.0
275.0
225.0
111.0
148.0
620.0
525.0
325.0
350.0
320.0
700.0
200.0
340.0
650.0
305.0
1476.0
650.0
108.0
402.0
209.0
200.0
1307.0
344.0
200.0
238.0
1000.0
500.0
300.0
100.0
300.0
700.0
400.0
440.0
100.0
770.0
200.0
2429.0
300.0
62.0
250.0
285.0
250.0
200.0
108.0
570.0
1000.0
500.0
800.0
280.0
182.0
600.0
380.0
1164.0
396.0
952.0
165.0
197.0
1480.0
196.0
217.0
485.0
689.0
197.0
673.0
122.0
1115.0
148.0
288.0
985.0
30.0
328.0
328.0
459.0
117.0
197.0
134.0
99.0
721.0
889.0
98.0
459.0
571.0
486.0
682.0
846.0
16.0
479.0
568.0
564.0
196.0
214.0
1968.0
1408.0
318.0
577.0
492.0
571.0
197.0
298.0
681.0
324.0
125.0
50.0
230.0
100.0
100.0
2200.0
2400.0
1200.0
5001.0
196.0
700.0
983.0
1644.0
660.0
656.0
320.0
