50.0
87.2
70.0
92.2
148.0
50.0
9.6
90.0
180.0
33.5
118.0
66.0
116.0
22.4
160.0
41.0
90.0
156.6
62.0
83.9
40.0
177.0
120.0
134.0
90.0
70.0
26.0
180.0
90.0
131.0
183.0
348.0
19.0
180.0
173.0
121.1
91.0
91.0
110.0
98.0
170.0
36.0
40.0
175.9
180.0
24.8
170.4
180.0
58.5
128.5
158.5
164.6
170.0
175.0
185.4
39.3
82.8
156.0
136.0
140.0
90.0
176.9
70.3
91.9
181.0
0.5
46.6
90.5
169.0
45.0
44.6
90.6
71.1
30.0
79.6
52.3
137.0
160.0
140.3
144.7
90.0
180.0
49.8
196.0
170.0
90.0
180.0
175.5
20.2
72.6
160.0
91.0
92.4
182.6
101.7
80.0
94.6
193.0
177.0
23.0
89.0
180.0
9.0
176.0
180.0
174.0
154.5
133.0
93.9
164.3
111.0
149.0
136.2
75.7
125.7
127.2
88.0
176.9
30.7
124.0
160.0
181.0
73.8
97.0
159.0
133.1
153.5
80.0
152.0
185.8
157.1
173.0
90.0
180.0
105.5
47.0
184.9
90.0
109.0
140.0
45.5
191.4
173.0
96.0
150.0
19.0
85.6
176.2
92.0
49.0
180.0
180.0
169.0
179.5
39.4
136.0
157.0
180.0
179.0
156.0
57.0
5.0
60.0
187.0
80.0
180.0
14.7
133.0
174.9
155.5
180.0
170.0
19.8
126.6
125.0
88.0
183.0
105.5
180.0
185.6
156.4
160.0
170.0
156.3
140.0
10.0
180.0
13.0
60.4
20.0
119.0
173.1
125.0
63.0
90.0
180.0
114.0
180.0
145.9
86.0
90.0
90.0
180.0
82.0
83.5
140.0
180.0
136.0
181.0
27.0
70.0
178.0
179.0
122.0
176.4
97.0
118.0
174.0
185.9
34.0
121.0
59.9
190.0
10.0
150.0
88.0
179.0
20.0
191.0
2.0
22.0
12.0
180.0
179.0
134.0
153.0
147.0
6.0
45.0
89.0
16.0
11.0
111.0
84.0
1.0
115.5
130.0
138.2
153.0
90.0
114.0
90.0
202.0
88.9
92.7
353.0
90.0
180.0
141.0
41.0
141.0
91.0
37.0
101.0
101.0
157.4
18.0
181.0
180.0
170.0
150.0
80.0
135.0
350.0
90.0
161.8
135.6
136.7
31.0
139.0
179.0
181.9
122.0
162.0
180.0
173.0
180.0
16.9
180.0
184.1
94.3
21.9
170.0
180.0
141.0
63.0
122.0
95.8
99.0
93.0
100.0
180.0
154.6
92.5
352.0
175.3
174.0
184.0
93.0
160.0
170.0
137.0
181.1
166.0
90.0
181.0
182.0
180.0
180.0
30.0
143.0
156.7
18.3
167.9
180.0
52.0
79.0
32.0
180.0
55.0
83.0
90.0
160.0
7.0
89.0
90.0
49.0
110.0
165.4
170.0
21.2
180.0
20.0
105.0
95.0
166.5
90.0
1.0
185.0
140.0
165.0
59.0
97.1
185.8
92.1
17.0
180.0
130.0
19.0
10.0
94.0
182.7
123.0
11.0
31.0
72.0
87.0
10.0
180.0
39.0
180.0
185.9
183.1
94.0
39.0
60.0
180.0
150.0
149.0
182.9
72.7
180.0
180.0
81.6
59.0
42.0
180.0
90.0
160.0
154.0
136.0
134.0
30.0
170.0
60.0
150.0
93.6
181.0
71.8
91.3
186.8
182.0
175.0
179.0
174.3
90.7
181.0
50.0
39.0
180.0
183.6
180.0
63.0
170.0
5.0
125.0
170.0
100.0
145.0
178.0
180.0
67.8
177.8
120.0
61.0
155.9
140.0
77.0
29.0
163.0
178.0
179.6
134.1
120.0
40.0
131.0
180.0
180.0
180.0
180.0
182.3
163.0
60.0
60.0
92.0
180.0
180.0
48.0
78.1
180.0
88.0
135.6
181.0
63.0
89.0
57.0
124.0
180.0
9.0
145.0
136.7
110.0
76.2
130.0
21.0
52.0
162.0
85.0
179.0
180.0
120.0
150.0
150.0
114.0
155.0
140.0
7.0
180.0
180.0
90.0
91.0
170.0
5.0
180.0
136.0
36.0
350.0
26.0
60.1
90.0
178.7
106.0
78.2
84.2
180.0
48.0
91.0
90.7
180.0
124.0
24.0
8.0
180.0
3.0
154.1
170.0
10.0
104.3
180.0
40.5
181.0
78.0
68.0
78.9
100.0
142.0
153.0
169.0
11.0
161.6
40.0
90.0
80.0
121.0
175.0
173.3
123.5
150.0
145.0
107.0
70.0
178.9
70.0
175.0
7.4
146.0
93.0
183.1
102.4
183.8
91.9
94.0
151.0
230.0
152.0
79.0
79.0
167.0
89.0
73.0
26.0
48.0
35.6
135.0
176.0
176.0
101.3
38.1
133.0
146.0
159.6
124.9
29.0
75.0
85.0
121.0
172.8
161.0
95.0
148.4
142.0
106.0
143.0
130.0
139.0
103.9
213.0
41.2
143.0
10.0
70.0
104.8
110.3
113.0
86.3
95.0
71.7
102.6
114.2
98.2
167.2
23.2
36.9
101.2
158.0
56.4
119.0
41.0
157.0
19.0
61.6
103.0
85.0
355.0
28.0
25.0
160.0
168.0
12.0
62.0
14.0
104.0
351.0
119.1
355.0
46.0
117.0
43.0
3.0
19.0
110.0
176.0
86.0
80.0
138.0
90.0
126.0
87.0
94.0
58.0
22.0
360.0
359.0
82.0
90.0
360.0
90.0
147.9
161.7
76.4
126.5
60.0
84.0
137.0
11.7
130.3
103.0
93.2
56.0
38.0
124.0
142.0
35.0
7.0
174.0
90.0
108.1
151.0
77.0
76.0
85.0
107.0
25.0
180.0
89.0
185.0
23.0
180.0
45.0
49.0
355.0
82.0
155.0
77.0
126.0
12.0
152.0
26.0
299.0
124.0
360.0
67.0
36.6
38.7
80.0
104.0
143.0
70.0
73.0
95.7
55.6
33.0
142.0
106.0
138.2
180.0
134.0
25.7
193.6
180.0
112.8
178.6
93.1
181.0
170.0
179.0
57.0
161.0
168.3
81.5
146.9
87.0
100.0
109.0
150.0
90.0
141.0
43.0
126.8
200.0
55.0
84.1
180.0
171.0
151.0
90.2
44.0
89.0
180.0
135.3
33.0
103.7
127.8
357.0
47.0
164.0
58.0
90.0
42.0
86.0
41.0
27.0
75.5
139.0
159.0
119.9
72.0
77.0
20.0
69.9
129.8
54.0
100.0
45.0
105.0
160.2
116.0
73.1
95.0
31.9
81.0
59.2
116.3
90.0
63.0
59.0
92.0
39.0
60.6
160.6
64.0
149.0
42.0
88.4
66.0
60.3
117.3
137.5
179.3
180.0
180.0
178.9
120.0
179.0
143.0
133.8
88.0
48.0
108.0
165.0
90.0
132.0
39.0
134.0
169.0
88.0
90.0
62.0
118.0
180.0
124.0
132.0
80.0
159.0
90.0
90.0
154.0
148.0
161.0
118.0
115.0
153.0
129.0
90.0
147.7
117.0
95.0
134.0
74.0
96.0
102.0
66.0
51.0
128.0
150.0
126.0
36.0
72.0
157.0
127.6
88.0
153.0
90.6
139.0
178.0
90.0
58.0
74.0
168.0
39.0
120.0
77.0
58.0
106.4
178.3
150.0
91.0
30.3
134.0
108.0
72.3
132.4
158.0
154.0
90.0
178.0
123.0
88.0
90.0
180.0
89.0
112.0
73.0
185.0
25.0
122.0
122.0
180.4
135.0
50.8
148.0
174.4
148.0
90.0
87.5
149.2
90.0
143.0
180.0
90.0
140.0
104.0
37.0
126.0
139.0
75.0
179.0
108.0
90.0
96.0
29.6
87.1
93.7
91.9
55.0
56.0
3.0
80.0
53.0
121.0
92.0
113.0
169.0
160.0
86.0
47.0
61.0
151.0
123.0
39.0
105.0
80.0
171.0
166.0
360.0
24.0
98.0
79.0
8.0
38.0
58.0
47.0
71.0
141.0
59.2
129.0
168.0
9.0
119.0
158.0
151.0
30.0
146.0
85.6
146.3
40.1
139.6
5.0
66.0
131.0
107.3
168.0
268.0
70.0
118.0
161.0
8.0
120.0
46.0
61.0
155.0
90.0
155.0
180.0
131.7
100.5
179.7
170.5
47.2
129.1
180.0
134.0
76.0
356.0
76.0
160.5
102.0
172.7
27.0
44.0
78.0
166.0
121.0
30.0
134.0
50.0
48.1
77.5
137.0
126.0
48.0
88.1
143.2
96.0
88.0
44.0
65.2
98.7
62.0
133.9
2.5
42.5
136.5
72.4
13.8
143.9
161.0
350.0
43.7
81.0
33.0
45.0
163.3
4.0
13.1
90.0
40.0
65.2
168.0
93.0
47.0
65.4
77.0
74.1
133.0
50.0
89.0
145.0
128.0
34.8
126.0
33.5
107.8
53.9
46.0
132.0
190.0
84.8
139.0
185.0
80.0
90.0
126.0
175.0
49.0
80.5
72.0
75.0
90.0
90.6
163.4
162.0
137.0
72.0
20.4
90.0
150.0
90.0
181.0
27.5
127.4
83.3
181.0
91.0
151.0
169.0
20.3
72.0
79.0
134.4
44.0
105.0
119.2
121.0
31.6
72.0
128.0
81.3
18.0
171.0
49.0
128.0
50.0
47.8
48.0
29.0
90.0
150.0
93.8
85.0
150.0
33.9
135.1
149.0
112.2
11.6
90.0
158.0
140.0
91.0
104.0
85.8
128.0
98.0
136.9
70.7
131.1
44.0
99.0
165.0
70.4
11.0
192.0
143.0
156.0
158.0
30.0
91.9
122.0
161.0
92.0
355.8
54.0
113.0
150.3
84.0
72.0
53.0
138.7
63.0
68.0
110.0
56.0
114.0
32.9
62.0
127.0
49.0
107.0
59.1
76.0
360.0
80.7
47.0
47.1
83.7
66.0
154.3
35.0
126.0
39.1
42.7
353.0
51.0
23.0
123.0
48.0
124.0
360.0
45.1
90.0
355.5
71.7
61.0
103.0
156.0
75.0
138.0
149.0
42.3
121.0
62.9
62.0
71.0
90.0
179.9
129.0
39.3
92.3
161.5
100.0
179.0
90.0
122.0
352.9
183.0
89.0
48.0
175.0
90.0
71.3
42.0
44.0
118.5
118.0
127.0
90.0
43.0
127.0
28.0
17.0
45.4
98.2
100.0
118.0
95.0
75.0
60.0
74.1
134.2
61.1
52.0
143.0
143.0
154.0
35.0
109.1
110.0
170.1
26.0
57.2
126.3
91.0
169.9
20.0
90.0
61.4
102.0
19.0
89.0
134.0
133.0
95.0
96.0
202.0
90.0
90.0
108.0
76.0
118.0
151.5
83.0
90.0
179.0
66.9
119.0
343.0
51.0
136.8
79.0
169.0
44.0
97.6
133.0
130.0
180.0
62.1
115.5
110.0
42.1
133.2
77.0
70.0
140.0
44.0
89.0
53.4
85.0
153.3
135.0
202.7
89.0
138.0
25.0
85.0
145.0
70.0
120.0
89.4
135.0
44.0
135.0
78.0
139.0
11.0
62.7
107.3
46.0
164.9
150.0
167.0
40.4
105.5
161.2
33.0
142.6
80.7
146.0
76.0
27.0
84.0
31.4
129.0
138.0
42.0
162.0
28.5
106.4
118.8
46.1
50.6
137.0
30.0
121.2
156.2
41.0
131.0
358.3
52.7
95.8
153.2
36.0
94.6
157.5
185.0
84.0
120.0
157.0
127.0
113.8
61.0
151.0
46.0
81.8
51.0
120.0
21.1
90.0
48.0
69.0
140.0
127.0
42.7
41.3
88.0
161.0
124.0
62.0
115.0
112.0
189.0
119.0
71.0
33.0
169.1
43.0
103.0
117.0
100.0
100.3
142.0
99.8
82.0
129.0
43.5
99.5
148.0
75.4
137.3
189.3
101.0
157.0
135.0
181.0
139.0
131.4
178.1
101.0
165.0
44.6
106.8
45.0
135.0
48.5
31.2
156.2
62.0
162.0
63.3
149.3
31.0
79.0
170.0
51.0
171.9
77.9
139.0
25.4
27.0
86.7
34.0
159.0
158.0
23.6
64.7
118.3
168.2
90.0
119.5
180.0
180.0
171.0
57.0
102.0
182.0
9.3
78.9
152.0
43.9
105.0
151.9
87.0
180.0
49.3
136.0
102.0
72.0
152.6
54.8
133.0
356.0
86.0
142.0
90.0
156.1
117.0
178.7
39.0
133.0
47.0
47.0
47.0
137.0
137.0
78.8
139.2
97.2
116.0
176.0
29.0
114.7
144.0
49.0
137.0
155.0
92.0
129.3
178.4
125.0
29.5
69.5
109.5
107.0
64.0
107.0
186.0
147.0
158.0
80.0
131.0
50.1
90.0
144.0
82.0
37.0
34.2
19.0
23.0
113.7
140.0
85.0
90.0
88.5
27.0
85.0
64.0
165.0
148.3
61.0
90.0
194.0
49.3
104.5
103.0
181.0
173.0
123.0
53.0
95.0
85.5
115.4
51.0
51.0
44.0
126.7
175.1
82.5
82.5
82.5
66.0
42.0
80.0
79.0
53.0
92.0
22.0
125.0
44.0
71.3
90.0
91.0
91.0
22.0
82.0
171.0
51.0
160.0
66.9
51.8
186.9
136.0
159.0
113.0
122.0
54.9
79.2
88.1
81.0
64.2
76.0
76.0
66.0
75.6
70.0
67.0
60.0
180.0
97.7
80.0
40.0
130.0
102.0
180.0
122.4
183.0
184.0
51.0
9.0
157.0
156.9
18.0
130.0
56.0
16.0
179.0
47.0
145.0
53.0
64.0
168.29
30.0
90.0
80.0
117.0
69.0
71.0
81.0
81.0
64.0
73.0
90.0
68.0
164.0
100.0
101.6
72.2
79.0
93.0
91.2
83.0
83.0
89.0
33.0
35.0
53.0
22.0
45.0
20.0
12.0
63.2
30.0
23.0
24.0
28.0
80.0
25.0
20.0
42.0
61.0
57.0
46.0
48.0
10.0
125.0
37.0
35.0
24.0
46.0
27.0
80.0
46.8
40.0
49.0
167.0
95.0
50.0
44.0
61.0
47.0
52.0
180.0
180.0
45.0
28.0
77.0
126.3
171.0
50.0
83.9
87.0
87.0
59.5
68.0
41.4
88.4
11.0
53.0
77.0
88.0
93.0
74.0
90.0
12.3
112.5
83.0
111.0
23.0
48.5
60.7
126.0
88.3
115.1
148.1
89.0
21.8
39.0
179.0
85.0
109.8
39.4
38.7
50.0
50.1
14.0
65.0
70.0
163.0
58.4
152.0
66.0
80.0
108.0
78.9
79.6
62.0
45.0
45.0
64.0
64.0
64.0
75.0
137.0
60.0
48.0
57.5
66.6
60.0
70.0
68.0
48.0
34.0
34.0
90.0
90.0
25.6
146.0
171.0
73.0
73.3
41.0
91.0
114.0
106.0
105.6
115.0
81.0
114.3
95.8
122.0
99.9
76.0
49.0
49.0
76.0
121.0
77.0
104.0
90.0
89.9
20.0
76.0
140.6
141.0
88.0
88.0
89.0
179.0
178.0
70.0
85.0
96.0
96.1
82.0
34.1
34.1
110.0
137.0
32.0
69.0
69.0
41.0
98.0
69.6
69.6
69.6
180.0
71.0
50.3
152.8
64.0
138.0
138.0
53.0
53.0
83.4
83.4
99.0
85.7
86.0
87.0
87.7
72.0
92.0
93.0
93.0
52.0
88.0
84.0
86.0
32.0
93.0
92.0
113.0
64.0
61.0
61.0
74.0
77.0
105.0
38.0
128.0
128.0
52.0
82.0
81.0
72.0
59.0
104.0
93.0
32.0
58.6
73.0
50.0
72.0
84.0
66.0
111.0
129.0
57.0
108.0
92.0
61.0
71.0
72.0
41.0
87.0
154.0
42.0
83.0
97.0
100.0
121.0
56.0
35.0
144.0
60.0
82.0
83.0
83.0
89.0
88.0
86.0
32.0
36.0
118.0
60.0
88.0
87.0
78.0
73.0
73.0
85.0
44.0
87.0
140.0
113.0
69.0
55.0
75.0
58.0
180.0
42.0
165.0
165.0
30.0
32.0
103.0
91.0
74.0
11.0
77.0
32.0
35.4
178.0
160.0
53.0
53.0
28.0
79.0
79.0
99.0
99.0
80.0
89.0
89.0
171.0
170.0
42.0
85.0
85.0
133.0
41.0
41.0
93.0
73.0
111.3
73.0
79.0
20.0
161.0
53.0
49.0
122.0
132.0
87.0
86.0
104.0
43.0
108.0
113.0
34.4
74.0
68.0
35.0
119.0
60.0
144.0
71.0
62.0
44.0
147.0
59.0
180.0
66.0
35.0
87.0
132.0
132.0
151.0
90.0
88.0
137.9
79.8
34.7
116.0
42.8
86.0
48.0
48.0
154.1
74.0
33.8
47.0
127.0
179.0
104.0
182.0
18.0
96.0
19.0
47.0
92.0
94.1
153.6
110.0
181.0
134.0
177.0
188.0
80.0
70.0
11.0
112.0
175.0
57.0
132.0
166.0
67.1
157.1
68.0
130.0
185.0
40.5
119.0
67.0
23.0
46.0
113.0
60.5
39.0
96.0
121.0
126.0
172.0
126.0
174.0
91.8
155.6
185.5
107.0
190.0
37.0
82.7
82.0
129.0
129.7
126.0
42.6
132.9
136.0
165.0
88.8
64.3
85.0
78.0
163.0
142.0
72.1
155.1
20.0
74.9
45.1
58.4
59.8
65.0
162.0
140.0
35.0
36.0
81.0
154.0
17.0
73.0
79.0
148.0
52.0
101.0
176.0
47.4
82.0
37.8
54.8
96.0
148.8
150.8
35.0
85.0
174.0
26.0
26.0
54.0
146.0
76.0
27.8
88.0
37.3
97.0
156.0
36.0
80.4
86.0
123.0
86.0
87.0
88.0
46.0
176.0
110.0
14.0
83.0
83.0
134.0
51.0
51.0
1.0
61.0
106.0
106.0
13.2
71.0
183.0
48.0
181.0
36.0
90.2
50.0
167.0
3.5
39.0
93.5
129.5
63.0
113.0
178.5
73.0
37.0
83.1
106.0
66.0
182.0
62.0
23.0
31.0
99.0
136.0
6.0
39.0
32.0
64.0
176.0
25.0
58.0
101.0
26.0
105.0
165.0
16.0
11.0
88.0
133.0
105.0
72.0
47.0
150.1
169.7
30.0
88.3
117.0
36.0
97.0
36.0
86.0
86.0
74.0
79.0
23.0
68.0
116.0
162.0
87.0
139.0
177.0
94.0
75.0
19.0
86.0
121.0
78.0
27.0
80.0
133.0
88.0
83.0
22.0
64.0
125.0
26.0
105.0
107.0
78.0
78.0
132.0
93.0
59.0
118.0
62.0
59.0
123.9
178.0
72.0
89.6
90.0
65.0
24.0
65.0
54.0
33.0
138.0
1.12
59.0
123.4
25.0
77.6
142.0
56.0
178.0
67.8
95.0
127.0
22.0
82.0
56.0
113.0
166.0
138.0
71.0
133.0
41.0
28.0
78.0
175.0
65.0
35.0
48.0
27.0
152.0
88.0
43.0
99.0
37.0
45.0
180.0
6.3
70.0
131.0
33.0
83.0
162.0
58.0
87.0
140.0
53.0
84.0
144.0
76.0
127.0
46.0
139.0
158.0
179.0
49.0
110.0
46.0
90.6
76.0
59.0
70.0
119.0
73.0
112.0
24.0
121.0
55.0
167.0
91.0
60.0
174.3
32.0
92.0
153.0
47.0
109.5
168.0
37.0
82.0
43.7
96.5
22.0
50.0
52.0
102.0
95.0
175.0
94.0
150.9
37.0
37.0
100.0
37.0
90.0
61.0
87.0
87.0
93.0
130.0
64.0
143.0
181.0
61.0
61.0
44.0
49.0
60.0
59.0
20.0
65.0
64.0
18.0
128.0
62.0
62.0
167.0
32.0
175.5
76.0
120.0
59.0
11.0
22.9
85.8
111.0
23.0
23.0
161.0
6.0
44.0
87.0
81.0
44.0
82.8
170.0
8.0
56.0
56.0
103.0
48.0
88.0
74.0
93.0
58.0
21.0
72.0
69.7
72.0
156.0
54.7
155.7
81.0
74.0
22.0
63.0
120.0
151.0
22.0
126.0
8.0
83.0
89.0
58.0
103.0
178.0
9.0
55.0
55.0
105.0
84.0
41.0
58.0
87.0
183.0
183.0
183.0
30.0
27.0
30.0
18.0
74.0
31.0
9.0
52.0
16.0
98.0
92.0
63.0
120.0
177.0
30.0
46.0
48.0
53.0
88.0
87.0
64.0
56.0
63.0
58.0
27.0
84.0
40.0
40.0
39.0
119.0
138.0
139.0
56.0
112.0
34.0
124.0
56.0
55.0
67.0
63.0
160.0
75.0
20.2
97.0
95.0
105.0
157.0
79.0
58.0
71.0
41.0
108.0
52.0
100.0
21.0
67.2
100.3
100.3
87.0
41.0
41.0
123.0
79.0
110.0
73.0
97.0
34.1
90.0
89.0
89.4
134.0
65.0
97.0
59.8
130.0
46.0
30.9
116.3
113.7
139.4
86.0
105.0
105.0
139.0
100.1
18.0
77.0
118.0
107.1
174.5
92.4
83.3
83.3
57.0
78.0
99.0
65.0
32.0
150.0
118.0
121.0
74.0
86.0
35.0
77.8
170.5
44.0
62.0
35.0
77.0
109.0
177.6
149.0
71.0
16.0
16.0
134.0
46.0
118.8
80.0
72.0
123.0
69.0
131.0
24.0
170.0
71.0
160.5
175.5
72.0
127.0
154.0
70.0
61.0
136.0
40.0
136.0
26.0
117.0
105.0
85.0
59.0
9.0
86.0
9.0
144.8
154.0
163.3
25.0
193.0
179.0
90.2
134.0
134.0
87.0
106.0
179.1
44.0
167.0
74.0
93.0
102.6
82.0
76.0
121.0
113.0
135.0
87.0
87.0
103.0
78.0
49.0
112.0
16.0
75.0
117.9
90.0
72.0
108.0
71.0
71.0
53.0
53.0
178.0
114.0
130.0
307.0
79.0
125.0
90.0
180.0
90.3
82.0
93.0
175.0
87.0
136.0
35.2
68.0
108.0
107.0
107.0
75.0
89.0
82.9
91.0
81.0
131.0
105.7
111.1
126.0
72.0
19.0
116.0
15.0
104.0
105.0
115.0
152.0
116.0
65.0
80.0
157.0
177.0
18.3
83.2
33.2
75.0
8.7
184.6
26.0
18.1
114.0
32.3
62.2
5.0
44.0
15.7
146.0
62.8
5.0
112.0
51.0
22.0
161.2
83.1
161.8
4.0
16.9
7.0
118.0
118.0
6.0
32.3
48.0
152.2
105.0
173.4
6.0
43.1
13.1
140.0
59.0
87.0
117.9
144.2
171.5
142.9
143.0
180.0
176.4
160.0
122.0
163.5
33.7
27.0
153.0
106.0
138.0
103.2
128.2
31.0
129.6
115.0
122.0
12.0
176.7
25.6
26.2
8.2
137.3
116.6
147.1
10.0
10.4
75.9
125.0
133.0
116.0
181.0
112.0
90.8
115.0
157.7
178.0
21.0
101.0
146.0
41.0
136.4
113.0
113.0
113.0
113.0
151.0
54.0
107.0
171.0
118.0
152.5
44.7
82.8
87.0
77.6
81.0
84.0
119.0
33.5
92.9
76.0
75.0
84.0
64.3
91.0
88.3
143.0
90.0
65.0
78.0
85.0
91.0
79.4
98.0
67.0
47.7
74.0
77.8
26.0
81.0
81.4
102.0
49.0
73.3
29.3
93.3
68.0
68.0
29.0
91.0
70.0
185.0
148.2
35.5
85.0
94.0
13.0
137.0
146.1
146.1
104.0
22.0
36.0
180.0
177.0
180.0
180.0
50.0
50.0
90.0
346.6
44.0
88.0
49.0
84.0
159.0
57.0
360.0
102.0
96.0
108.0
53.0
346.0
136.0
67.0
180.0
21.9
164.0
37.0
82.0
113.0
60.0
153.0
89.0
89.0
158.0
15.0
127.0
20.0
100.0
136.0
41.8
59.0
130.0
135.0
76.0
164.0
79.0
124.0
31.0
133.0
166.0
359.0
80.0
34.2
63.0
138.0
8.0
54.0
104.0
4.0
4.0
47.0
57.0
127.0
61.0
49.0
166.0
90.0
90.0
81.0
1.0
1.0
46.0
136.0
90.0
359.0
128.0
141.0
22.0
41.0
123.0
23.0
72.0
16.5
157.0
90.0
85.0
75.0
145.0
13.0
14.0
14.0
58.0
146.0
100.0
354.0
61.0
64.0
142.0
37.0
359.0
38.0
13.0
134.6
43.0
96.0
95.0
34.0
145.0
25.0
80.0
113.0
74.0
91.0
358.0
16.0
118.0
6.0
49.0
153.0
40.0
126.0
156.0
95.0
10.0
51.0
141.0
351.0
78.0
18.0
49.0
4.0
34.0
59.0
153.0
69.0
113.0
164.0
28.0
71.0
57.0
9.0
125.0
44.0
93.0
19.0
352.0
44.0
50.0
136.0
85.0
356.0
27.0
97.0
121.0
147.0
63.0
71.0
66.0
61.6
103.0
102.0
64.0
64.0
50.0
79.4
14.0
166.0
50.0
180.0
53.0
12.0
165.0
167.0
41.0
42.0
117.0
359.0
96.0
186.0
50.0
117.0
106.0
121.7
43.0
117.0
130.0
38.0
22.0
86.0
147.0
171.0
24.0
10.0
181.0
90.0
60.0
140.0
45.0
90.0
150.0
104.0
72.1
94.0
140.0
95.2
140.6
83.0
85.0
90.5
90.4
105.7
127.0
10.0
123.0
94.9
150.0
102.0
116.0
129.0
106.0
99.0
147.7
353.9
354.0
88.0
124.0
124.0
98.0
5.4
103.0
163.0
101.0
132.0
43.0
72.0
128.4
151.9
132.0
2.0
140.0
53.0
62.0
108.0
33.7
22.0
28.0
23.0
88.0
95.0
72.0
155.0
131.0
360.0
40.0
114.9
100.0
70.0
151.0
47.0
68.0
31.0
123.0
120.0
66.0
155.0
55.0
130.0
55.0
44.6
87.0
104.0
6.0
21.0
75.0
151.0
167.6
25.0
73.0
42.0
123.0
22.0
135.0
58.0
154.0
144.0
168.0
103.0
160.1
44.0
105.0
159.9
5.0
47.0
149.0
71.0
360.0
29.0
86.0
158.2
25.0
143.0
13.0
45.8
119.0
78.0
160.8
85.0
174.0
159.0
2.0
158.0
89.0
156.0
43.0
83.0
123.0
79.43
126.0
136.0
94.2
14.0
9.8
67.5
68.0
144.9
110.0
128.0
125.0
149.0
92.6
35.0
46.0
58.0
78.0
119.0
43.0
8.0
115.0
84.0
53.8
132.0
130.0
82.0
110.0
46.0
82.0
98.0
84.2
112.9
88.0
162.0
100.3
144.0
116.0
116.0
68.0
97.0
141.0
138.0
74.0
130.9
80.1
163.8
161.1
78.5
15.0
85.0
21.0
85.0
81.0
75.0
68.0
158.0
80.0
16.0
155.0
17.0
99.0
350.0
98.0
65.0
149.0
360.0
48.0
141.0
90.0
139.0
72.0
171.0
43.0
108.0
72.1
351.0
76.0
64.0
141.0
58.0
70.7
27.9
71.0
106.0
46.2
173.0
73.1
102.0
50.1
47.7
97.1
125.0
130.0
96.0
73.0
164.3
174.0
176.0
66.0
101.0
58.0
121.3
121.0
107.7
161.0
90.0
66.0
128.0
180.0
180.0
57.0
62.0
81.0
47.0
76.0
70.6
68.0
46.0
48.8
153.0
78.0
40.0
100.0
140.0
10.0
86.0
100.0
40.0
130.0
60.0
90.0
20.0
150.0
67.0
18.0
60.2
174.9
48.0
123.0
101.2
57.8
113.0
55.3
71.0
98.0
92.0
5.0
64.9
83.0
83.0
83.0
151.0
92.0
151.0
41.0
41.0
32.0
96.0
102.1
84.0
113.0
80.0
63.0
184.0
1.0
131.0
2.0
81.2
152.6
359.0
22.0
22.0
27.0
68.6
111.0
37.0
50.0
67.0
146.0
107.0
134.0
50.0
19.0
70.0
40.0
31.0
97.5
91.0
27.8
90.0
25.0
125.1
77.4
83.0
58.0
132.0
151.5
141.0
33.0
22.7
159.0
16.0
32.0
164.0
164.0
78.0
96.0
19.0
63.0
116.8
72.0
173.0
54.0
68.8
96.0
47.0
69.0
15.0
359.0
28.0
88.0
136.0
50.0
23.0
172.6
4.3
172.6
59.0
103.0
49.0
32.4
64.0
61.0
84.0
60.0
50.0
150.0
56.3
30.0
14.0
358.0
133.0
92.8
61.0
49.0
48.1
84.0
51.0
91.0
358.0
58.0
16.0
22.0
22.0
22.0
356.0
54.0
73.7
73.6
121.0
32.0
160.0
45.0
152.0
179.7
170.0
38.7
125.0
96.0
112.0
115.0
172.0
41.0
57.0
55.0
46.9
43.0
91.0
134.3
47.0
90.0
143.1
165.0
165.0
137.0
138.0
148.0
159.2
157.0
157.0
111.1
152.0
186.0
153.0
163.0
139.5
139.0
165.0
129.0
136.0
136.0
90.1
111.9
146.0
45.0
96.0
93.0
169.0
169.0
14.0
14.0
17.3
17.4
17.6
158.8
158.8
162.0
162.0
166.0
71.9
130.0
157.0
157.0
129.8
46.9
181.0
142.8
142.6
142.8
150.0
9.0
55.8
45.0
49.4
49.2
15.0
20.0
106.5
165.0
149.3
165.0
165.0
163.2
75.5
165.4
113.0
124.0
129.0
179.9
23.0
150.0
60.0
149.7
9.9
8.7
105.8
171.5
42.8
42.8
171.0
161.0
165.0
41.8
41.7
104.2
155.0
74.3
119.5
75.0
120.2
50.0
130.0
134.0
79.0
140.0
54.0
79.0
62.0
40.0
53.0
92.0
83.0
83.0
73.0
74.0
152.0
29.0
150.0
185.4
70.0
134.0
57.0
146.4
13.4
91.8
128.0
183.3
9.3
9.0
59.8
130.0
147.0
150.0
152.0
151.7
132.2
142.0
140.7
141.0
128.0
113.1
97.1
97.1
75.7
168.0
59.2
133.1
89.0
178.9
81.0
180.0
124.4
168.0
87.0
132.0
141.0
172.0
165.0
134.2
179.6
90.0
180.0
60.8
171.5
15.0
15.0
150.5
150.5
30.0
103.0
30.0
102.8
61.0
133.0
146.4
144.0
119.5
179.0
146.0
132.0
127.4
167.0
8.4
62.3
20.0
89.0
149.0
169.0
179.0
48.0
118.0
146.0
55.7
168.5
59.7
17.0
6.0
126.7
10.0
70.0
100.0
140.0
17.0
176.0
181.2
173.0
170.0
52.0
184.0
22.0
62.6
41.4
8.0
165.0
177.0
44.0
93.0
45.0
135.0
91.0
13.0
87.0
119.0
4.0
80.0
116.0
22.0
62.0
174.0
129.0
40.6
91.7
121.0
171.0
160.0
104.0
51.0
90.5
63.0
91.0
136.2
54.8
104.0
96.0
152.8
145.0
69.0
6.0
90.2
40.0
67.0
160.9
160.1
81.8
127.0
144.0
137.0
90.0
66.0
180.0
28.0
27.7
116.0
44.0
110.0
43.0
137.0
116.0
96.0
103.0
111.0
4.0
95.0
81.0
92.0
128.8
99.7
180.0
58.9
118.5
93.8
68.0
89.0
150.0
148.0
128.0
110.0
110.0
35.0
137.0
74.0
15.0
1.0
16.0
10.0
179.0
42.0
60.0
21.0
114.0
161.0
131.0
91.0
160.0
31.0
90.0
165.0
78.0
19.0
90.0
179.0
61.0
68.6
122.0
40.0
16.0
148.0
161.0
80.0
131.0
190.9
129.0
105.2
82.0
150.0
147.0
164.3
93.0
139.0
143.0
179.0
155.2
76.0
89.0
180.0
140.0
108.0
148.2
180.0
175.0
116.0
174.0
167.0
178.0
163.4
58.0
36.6
143.0
95.0
57.6
126.0
41.0
141.0
143.0
61.0
101.0
90.0
155.0
180.0
155.0
53.0
143.0
90.0
194.0
174.0
50.0
166.0
191.0
180.5
159.0
68.0
355.0
94.0
172.0
106.0
38.0
91.0
175.0
170.0
116.0
31.0
31.0
79.5
182.0
8.1
18.0
35.0
30.0
175.0
179.0
166.0
138.4
54.0
132.0
180.0
159.0
144.0
89.0
19.0
64.0
166.0
104.0
59.0
166.0
53.0
61.8
60.0
357.0
92.0
124.0
88.0
178.0
87.0
35.6
97.0
171.0
91.4
159.0
84.0
25.0
179.0
63.0
120.0
180.0
145.0
190.0
21.0
59.0
134.0
89.0
90.0
191.0
134.9
166.9
90.0
181.0
15.0
87.0
80.0
166.0
188.0
47.0
145.0
184.0
130.0
56.0
132.0
36.0
85.5
2.0
131.0
91.0
49.0
180.0
74.0
90.0
180.0
72.0
38.7
96.6
165.0
163.0
12.0
38.0
88.0
177.2
41.9
13.0
50.0
69.0
98.0
180.0
89.0
48.5
139.0
11.0
19.0
51.0
153.9
166.0
25.0
123.0
180.0
178.0
72.0
137.0
144.0
6.1
123.0
23.0
143.0
179.0
186.0
90.0
180.0
91.0
179.0
85.0
9.0
42.0
89.1
185.0
1.0
84.0
66.3
158.0
7.0
113.0
92.5
170.0
39.0
177.0
106.0
10.0
15.0
136.0
181.0
180.0
30.0
172.0
182.0
180.0
139.0
193.5
55.8
32.0
182.0
11.0
20.0
81.0
100.2
61.0
90.0
181.0
119.0
92.0
135.0
180.0
69.0
160.1
180.0
181.0
137.9
178.7
15.0
48.0
86.0
96.0
90.0
190.0
125.6
53.0
115.0
174.0
71.1
178.4
120.0
179.0
125.0
191.0
50.0
179.0
140.0
136.4
133.0
104.0
39.0
137.0
175.5
176.8
79.0
113.0
69.0
149.0
160.0
173.0
142.0
53.1
69.0
182.0
126.0
136.0
184.0
32.0
181.0
90.0
150.0
176.0
99.0
26.0
176.8
60.0
87.0
119.0
165.0
92.0
113.0
29.0
180.0
57.0
16.0
148.0
102.9
164.6
347.0
166.0
10.0
70.0
131.0
180.0
21.0
89.2
90.0
180.0
79.0
150.0
180.0
90.0
180.0
165.0
75.0
183.0
22.0
134.0
79.0
140.1
56.0
170.0
39.0
142.3
180.0
181.0
156.2
51.0
17.0
135.0
138.0
133.0
168.0
90.0
180.0
180.0
29.0
156.0
180.0
167.0
162.0
184.0
181.0
82.0
174.4
134.6
68.0
157.0
180.0
20.0
37.0
176.4
182.0
59.0
180.0
137.0
169.0
160.0
187.0
180.0
36.0
135.0
78.0
150.2
180.0
129.2
169.4
8.0
167.0
102.0
117.3
180.0
134.0
106.0
133.0
110.0
187.0
150.0
73.0
163.7
28.0
45.0
82.1
123.2
45.8
39.0
90.0
176.9
179.0
47.0
98.0
140.0
90.0
25.0
142.0
58.6
178.0
189.0
151.0
157.2
90.1
90.5
106.4
135.6
142.8
89.0
64.0
175.0
155.0
184.0
8.0
85.9
8.3
117.0
109.0
101.0
110.0
60.0
180.1
35.0
131.0
79.9
45.0
176.0
77.8
164.9
108.0
34.0
180.0
45.5
185.7
89.6
180.0
181.0
180.6
136.0
91.0
163.7
10.5
90.2
1.0
50.0
171.7
90.0
180.0
57.0
91.0
170.7
180.0
64.9
84.0
179.0
100.0
23.5
112.1
360.0
56.6
139.1
193.7
138.2
137.0
90.0
180.0
175.0
43.8
134.0
90.0
179.8
30.0
6.3
7.0
37.5
175.0
44.2
195.7
174.0
179.0
174.0
103.6
44.8
135.1
23.7
121.1
78.1
134.9
180.0
168.8
90.0
174.0
197.0
142.0
90.0
84.0
162.5
33.8
146.0
56.3
180.0
147.0
137.0
78.0
150.0
186.0
158.0
51.0
82.0
136.4
172.7
141.8
21.0
60.0
121.0
181.0
82.7
177.6
351.6
45.4
32.0
92.9
45.0
105.0
164.0
90.0
46.9
150.0
23.0
135.0
29.0
64.0
153.0
37.3
38.5
166.0
139.7
37.0
140.0
143.5
41.8
170.0
55.7
128.3
177.5
46.0
31.8
84.0
16.0
180.0
125.0
174.0
27.0
113.0
156.3
180.0
109.4
97.0
52.0
37.0
54.0
40.0
2.0
146.0
19.3
129.0
86.0
180.0
142.3
180.0
177.8
182.0
17.5
166.0
90.4
66.0
164.7
12.4
181.6
181.2
97.7
181.1
91.0
6.0
94.0
95.0
33.0
127.0
163.0
42.4
136.0
180.0
179.5
73.0
91.0
91.1
181.1
63.0
180.6
48.0
23.2
180.0
108.0
153.0
9.0
7.0
39.0
166.0
123.0
176.0
88.0
167.0
160.0
96.0
154.0
123.0
176.0
48.0
138.0
157.0
44.2
77.4
30.1
93.8
89.0
120.0
53.0
16.9
116.9
171.0
90.3
182.0
100.0
147.0
6.2
190.1
141.0
180.0
50.6
181.0
180.0
90.0
180.0
89.0
147.5
36.0
82.0
126.0
171.0
177.3
180.0
161.7
180.3
73.0
165.0
79.0
183.0
158.0
116.0
90.2
180.0
30.0
170.0
39.0
128.6
90.0
129.0
174.0
180.0
81.0
188.0
144.7
68.0
181.0
122.6
51.7
120.0
52.0
88.4
73.6
179.0
165.0
181.0
4.0
48.0
134.0
90.0
66.0
93.6
136.0
140.0
120.0
179.0
180.0
157.7
108.0
148.0
160.0
178.0
111.8
177.5
89.0
196.0
90.0
32.0
120.0
33.1
160.0
39.9
90.0
60.0
180.0
56.7
178.2
179.0
103.7
103.7
164.7
28.0
167.0
35.1
180.4
87.0
93.0
81.1
153.0
165.1
67.0
37.0
116.0
38.0
160.0
42.0
180.0
150.0
28.0
162.0
159.0
56.0
73.0
174.6
90.0
139.7
195.9
62.0
180.0
137.0
58.2
29.0
94.0
150.0
95.0
185.0
57.0
90.0
134.0
180.0
78.2
159.3
177.1
62.5
83.2
86.0
105.0
180.0
170.7
45.9
10.0
166.0
190.4
180.0
38.0
36.1
146.1
58.0
148.0
180.2
125.0
181.0
180.9
161.8
44.0
136.0
75.0
174.0
167.0
112.0
181.0
50.0
98.0
152.0
90.0
131.8
173.8
135.0
122.8
96.0
180.0
121.0
90.0
121.0
41.4
180.0
177.8
198.0
83.0
161.0
180.0
33.0
180.4
4.0
89.0
174.0
180.1
173.3
175.7
71.6
107.0
62.0
151.7
180.0
79.0
180.4
113.0
49.0
128.0
99.0
47.3
93.9
4.0
136.1
180.0
181.0
184.3
145.1
91.0
100.0
180.0
58.0
25.0
90.0
145.0
105.4
100.0
181.4
93.0
77.0
8.9
41.6
178.6
23.1
118.0
180.0
83.0
182.0
179.0
22.0
144.0
52.0
88.0
121.0
40.0
74.0
165.0
61.4
90.0
180.0
79.5
152.2
160.2
138.9
95.9
101.0
111.0
146.0
94.0
181.0
179.8
106.0
132.0
136.3
135.0
139.0
180.0
89.0
68.1
134.9
174.0
180.0
174.0
44.0
183.8
41.0
90.0
198.0
180.0
48.0
25.0
69.0
33.4
120.4
9.7
45.0
110.0
39.0
142.0
45.0
167.0
43.1
131.9
180.0
173.5
148.3
97.4
133.0
126.0
144.2
134.0
175.0
147.0
173.4
158.3
32.8
78.5
76.0
199.0
136.0
180.0
82.0
91.0
178.0
31.3
90.0
60.0
120.0
153.0
179.4
50.5
19.0
180.0
180.0
160.0
180.0
91.0
162.5
187.0
15.3
145.3
185.0
90.0
162.0
114.4
147.0
187.0
171.0
139.0
90.0
139.0
43.6
155.0
95.5
130.0
175.0
20.8
54.0
135.0
134.0
95.1
132.8
357.3
166.0
90.0
123.0
182.0
163.2
141.5
180.0
89.0
60.0
108.8
67.5
97.0
126.0
176.0
116.6
188.0
75.1
10.0
184.0
14.3
134.0
134.0
40.0
99.0
80.3
127.0
140.2
200.2
72.2
31.0
150.0
146.1
179.8
141.0
187.0
133.0
163.0
182.9
192.9
67.7
177.6
179.9
65.0
41.0
90.0
180.0
180.0
35.3
144.4
60.0
135.0
180.0
187.0
49.8
46.0
148.4
51.3
123.1
52.0
180.0
180.0
45.0
90.0
129.0
183.0
135.1
180.0
42.0
162.0
17.4
46.0
91.0
44.9
107.0
135.0
170.0
154.0
14.2
149.2
29.7
152.7
27.9
118.1
85.0
163.8
47.0
107.0
135.0
180.0
46.0
85.0
135.0
180.4
160.0
41.0
173.0
174.0
148.0
360.0
359.9
46.2
179.9
162.2
47.0
168.0
144.0
189.0
95.4
169.9
170.9
169.9
85.0
47.7
151.5
148.1
180.0
154.5
170.2
170.3
89.9
120.0
181.0
50.0
135.0
78.0
168.0
93.3
145.4
180.0
99.0
178.0
21.0
88.0
24.0
142.0
89.3
134.3
179.3
58.5
123.9
115.0
179.9
83.0
164.0
0.0
60.0
22.0
123.0
179.6
88.0
164.0
62.0
37.1
40.6
130.9
91.0
57.0
41.7
28.3
119.3
16.8
1.0
62.0
358.0
88.0
89.0
134.0
179.0
45.6
173.2
113.3
173.3
68.0
128.0
187.8
31.5
76.4
36.0
90.0
180.0
178.0
46.0
137.5
150.9
90.2
180.3
45.1
16.6
136.2
48.0
45.9
165.9
92.1
182.0
136.0
70.6
107.5
47.0
134.0
179.3
104.0
180.0
70.0
90.0
135.4
16.0
108.4
137.0
110.9
178.0
178.0
76.7
200.7
200.7
44.0
134.0
44.0
28.4
71.4
161.4
42.5
359.8
59.8
38.0
90.0
196.0
129.4
137.5
179.2
44.0
136.0
181.2
109.4
162.1
167.5
55.0
122.2
45.0
135.2
180.0
150.8
89.0
146.7
180.0
53.4
93.0
101.0
179.0
60.4
179.5
160.0
187.0
123.0
1.2
21.7
156.7
35.0
95.0
154.0
88.8
179.0
20.7
130.6
90.0
151.0
52.1
156.0
90.0
90.0
90.0
90.0
90.0
45.0
135.0
26.0
116.2
124.6
180.3
62.0
153.2
168.8
172.0
84.0
107.0
181.0
179.0
179.0
42.8
124.9
358.0
90.0
180.0
160.0
45.0
90.0
33.0
92.0
45.5
135.5
54.0
135.0
183.0
180.5
127.0
179.0
131.6
187.5
94.2
49.2
139.3
44.6
180.0
76.6
180.0
181.8
42.3
128.3
179.2
30.0
28.0
122.5
141.0
45.0
90.1
171.1
86.9
88.0
55.9
152.1
161.3
151.4
10.1
140.3
45.0
135.0
49.1
139.1
28.4
164.8
135.7
180.7
144.0
91.0
180.1
145.0
57.0
149.0
71.1
117.2
46.5
80.0
44.0
121.0
180.0
35.0
130.0
359.0
44.0
135.0
180.0
90.0
45.0
98.0
162.9
131.0
189.1
191.0
37.0
97.8
90.4
131.9
180.0
169.3
43.9
133.9
26.0
135.0
68.0
136.0
140.0
140.0
180.0
135.4
135.5
139.0
180.0
57.5
129.3
39.9
178.4
50.0
50.0
90.0
90.0
139.0
181.7
87.0
148.0
134.0
24.5
87.8
150.8
75.0
138.0
55.0
180.0
84.0
143.3
179.6
44.0
90.0
135.5
181.0
50.0
84.0
112.0
112.0
39.0
138.0
80.0
35.0
34.3
124.3
124.3
74.0
134.0
90.0
44.7
134.6
179.6
97.0
142.0
181.0
151.1
57.9
57.9
179.9
149.5
179.9
0.9
34.5
26.0
90.0
7.5
94.0
129.0
176.9
41.9
90.2
180.2
180.0
22.0
132.0
168.0
136.6
136.5
179.5
61.6
171.4
17.9
36.3
107.9
164.3
16.1
132.0
169.0
18.0
17.6
18.0
133.3
91.1
45.4
160.4
48.0
135.0
25.0
149.3
105.0
115.1
115.1
20.0
20.0
77.0
125.0
135.0
135.0
46.0
87.0
87.0
139.0
66.9
181.9
92.5
147.7
51.6
120.9
166.0
65.0
163.7
78.0
12.7
53.4
126.0
163.0
119.6
179.5
135.0
135.0
182.0
22.0
82.2
134.0
137.2
180.0
43.0
89.0
126.0
38.0
129.0
167.0
25.8
134.9
72.0
43.0
43.0
133.0
351.0
131.0
178.4
159.1
43.8
126.8
181.9
90.9
167.1
12.0
109.0
52.1
93.8
153.7
178.8
56.0
126.0
80.0
181.0
74.2
140.7
90.0
134.3
179.4
29.9
120.0
33.0
94.2
144.2
144.2
38.0
157.0
183.0
71.1
60.6
120.2
182.0
355.0
354.9
138.0
180.0
37.0
79.0
52.1
140.0
133.6
46.0
135.7
136.0
53.1
89.4
76.0
136.0
148.0
179.0
89.5
89.4
179.3
174.0
27.6
131.0
81.4
180.0
7.5
100.0
122.0
180.0
68.9
181.0
43.0
178.0
91.6
96.0
170.0
79.9
121.0
118.0
128.0
181.0
90.1
122.5
176.0
24.4
134.9
58.2
90.2
63.2
135.3
39.8
90.1
66.0
179.0
45.0
105.0
83.0
2.0
47.0
137.0
30.2
130.2
347.3
86.0
90.0
145.7
39.1
97.0
141.0
182.0
163.0
46.0
136.0
180.0
134.0
135.0
134.0
132.0
69.1
142.0
23.5
23.5
153.5
153.5
44.9
125.4
180.0
8.4
34.3
96.8
188.2
33.1
51.7
134.7
35.0
125.0
46.9
133.7
181.9
30.1
83.0
180.0
133.0
193.2
34.2
134.3
133.8
180.3
67.8
36.1
179.4
171.0
50.0
41.5
152.0
180.0
181.0
42.9
52.0
120.2
81.8
44.0
180.0
91.0
180.0
144.0
49.5
21.2
105.8
138.3
59.9
16.7
145.5
49.6
49.6
33.0
180.0
180.0
180.0
22.0
180.2
24.4
147.4
25.6
143.3
135.0
147.4
147.6
91.0
136.0
67.0
160.0
35.4
136.6
21.0
140.6
90.2
150.1
28.0
140.0
182.0
23.0
95.0
50.0
97.0
135.0
132.2
183.0
71.0
133.2
181.3
11.0
183.0
52.1
166.2
69.6
50.0
49.9
50.0
93.0
43.0
88.0
137.0
135.6
179.2
50.0
109.0
169.0
105.0
148.0
90.7
178.0
48.5
176.0
176.0
176.0
155.0
90.6
17.0
94.2
94.2
40.0
136.0
60.0
179.4
192.3
66.9
130.8
15.0
112.0
121.3
101.7
180.1
33.5
93.2
38.0
132.0
180.0
44.1
90.0
156.2
154.0
44.4
89.4
89.4
129.9
90.0
187.0
177.5
177.5
39.9
52.3
32.0
70.0
20.0
106.0
109.0
155.2
15.0
105.0
155.0
73.0
179.2
135.1
180.0
180.1
134.5
21.0
135.0
42.1
36.9
90.0
90.0
43.9
89.0
134.0
178.9
47.0
122.3
122.2
159.2
146.0
82.6
180.2
67.0
137.0
70.1
43.8
46.1
45.0
135.0
135.8
179.1
79.1
22.0
145.1
51.6
47.0
141.0
174.0
181.0
155.0
53.8
127.0
180.1
180.1
45.0
165.0
73.5
64.0
152.0
164.0
89.6
181.2
44.0
134.0
50.9
127.0
28.5
90.0
122.4
179.5
180.2
83.9
161.0
90.0
180.0
180.0
180.2
72.0
142.0
41.0
45.6
90.1
130.5
112.0
187.0
45.0
135.0
45.6
84.6
77.4
170.0
180.3
155.0
30.0
144.0
89.0
174.6
91.0
17.1
145.5
107.0
79.0
71.1
116.6
3.0
95.3
135.3
181.0
137.5
190.2
23.6
168.0
134.0
154.0
180.0
40.6
139.9
144.4
33.0
135.1
44.6
144.0
51.6
141.6
75.0
129.0
44.0
141.3
102.0
51.0
131.0
91.0
150.0
132.0
44.2
135.1
180.0
90.0
140.1
180.0
118.0
41.0
133.0
140.1
44.0
128.0
31.4
160.9
142.0
144.8
90.0
180.0
87.0
153.0
178.0
133.0
65.0
65.0
157.0
179.0
50.4
90.0
135.6
135.6
186.0
16.3
125.0
132.0
55.3
55.4
178.5
16.0
136.0
135.0
180.0
356.0
26.0
142.7
54.5
107.0
168.1
180.0
180.0
32.0
154.0
119.0
59.1
119.0
179.1
49.0
83.0
117.0
180.0
114.7
90.5
90.5
180.5
180.5
180.5
180.5
83.1
68.0
143.0
61.0
180.0
114.8
135.3
139.0
180.3
180.3
180.3
180.2
180.3
35.5
190.8
66.8
117.8
135.0
180.0
45.0
180.0
48.0
80.0
150.4
19.5
90.0
50.0
139.0
21.4
75.1
63.9
135.4
135.4
135.4
31.5
92.3
8.8
135.0
50.0
179.0
158.6
88.0
145.0
98.0
137.5
51.6
89.7
54.0
182.0
148.0
45.0
104.0
137.0
62.4
124.3
179.0
29.2
120.4
164.3
3.2
125.8
14.0
14.0
96.0
148.0
134.9
135.0
36.0
37.0
34.0
45.7
90.0
135.0
179.4
72.1
172.0
37.0
140.2
54.0
132.0
128.0
169.0
132.2
180.3
140.0
180.0
55.3
140.3
181.0
142.0
29.0
29.0
28.7
29.0
89.0
89.0
48.0
133.0
180.0
180.0
44.7
90.2
135.5
179.8
86.9
62.3
23.1
151.6
8.0
122.0
45.0
138.0
29.6
149.6
148.0
183.0
86.0
86.0
180.3
172.8
172.8
94.0
181.9
69.7
153.2
90.0
140.0
43.0
49.1
36.1
40.5
161.5
168.8
161.0
138.3
181.1
71.9
110.0
19.7
126.8
112.3
45.0
138.0
26.0
122.0
165.0
90.0
129.0
164.0
71.1
167.0
156.0
30.4
28.3
60.9
17.5
101.1
180.3
19.3
89.0
175.5
22.7
61.7
98.0
169.0
29.0
110.6
64.4
111.6
157.3
62.4
178.2
43.3
90.0
37.1
57.3
91.5
125.5
51.6
45.0
135.0
99.4
191.2
111.1
185.0
18.1
136.4
89.4
141.2
187.4
90.0
135.0
45.0
139.0
145.0
143.9
47.6
144.1
3.0
92.4
59.9
143.9
180.0
145.2
166.0
359.9
44.9
355.2
69.3
52.0
180.0
58.0
77.3
29.1
119.2
3.2
127.2
39.5
157.0
152.2
192.6
43.8
178.8
178.8
29.4
160.0
22.0
122.0
142.8
191.0
81.9
90.0
181.0
44.7
136.7
180.0
179.0
45.0
132.0
48.4
179.0
46.8
88.0
105.4
167.0
179.8
78.2
135.0
75.0
89.9
172.0
38.8
128.8
69.0
134.0
35.8
176.6
47.0
50.0
171.3
45.9
136.0
181.0
180.1
50.0
50.0
89.0
88.0
133.0
119.8
50.0
88.3
93.3
140.7
193.8
90.0
53.9
120.5
173.7
12.0
63.6
25.0
146.6
135.0
180.0
180.0
180.0
87.0
181.0
90.0
135.0
64.0
64.0
144.0
36.9
85.7
142.0
62.1
12.0
43.0
42.0
128.0
180.0
127.0
43.0
159.0
47.0
10.1
54.4
33.0
130.5
33.6
110.2
90.9
180.9
90.9
145.0
30.5
137.6
72.8
169.6
59.0
127.0
83.8
60.0
164.0
181.8
184.0
47.0
179.0
179.0
135.0
17.0
62.0
107.0
51.0
94.0
139.0
148.3
38.0
91.0
181.0
66.8
66.8
98.0
165.0
38.3
128.6
91.0
180.0
30.6
128.0
26.0
26.0
95.0
70.5
25.4
144.2
89.0
45.0
144.6
11.4
91.1
15.0
112.5
165.0
174.6
179.2
64.3
118.0
180.0
31.9
165.7
47.0
135.0
180.0
180.0
181.0
49.4
141.0
172.9
143.0
170.5
90.0
181.0
45.0
135.6
180.0
16.6
180.0
180.0
175.0
185.3
180.0
139.8
30.5
39.0
180.0
68.5
179.3
161.5
180.0
180.0
82.0
85.0
135.0
172.5
140.0
189.0
18.0
136.5
90.0
133.0
180.0
85.7
182.0
166.0
192.4
105.0
195.5
16.5
82.0
180.0
180.0
45.0
180.0
9.9
163.6
179.2
180.0
44.8
180.0
40.3
180.5
135.0
180.0
128.0
24.0
90.0
137.0
180.0
125.4
125.0
31.2
91.0
85.9
127.0
54.4
78.4
119.7
180.4
125.0
125.8
125.8
141.0
101.0
101.0
186.0
137.2
65.0
181.4
40.0
116.0
44.0
90.0
135.0
180.0
180.0
180.0
38.1
68.7
180.3
53.0
126.0
179.2
11.0
141.0
24.0
128.0
86.0
179.6
133.3
179.2
48.9
48.9
64.0
91.0
179.0
51.0
51.2
29.8
67.0
177.0
36.7
89.9
126.7
109.0
8.0
129.0
108.0
17.0
106.0
80.8
138.2
34.2
90.0
139.3
92.0
180.0
41.0
90.0
90.0
1.5
83.6
51.0
159.0
48.5
146.0
93.9
37.9
126.6
89.9
151.6
181.2
64.7
88.3
48.0
130.0
135.0
179.8
148.9
70.6
160.4
88.0
179.0
29.7
147.0
65.0
127.0
39.8
137.0
357.5
42.4
132.6
53.3
127.0
151.0
20.6
140.0
90.0
135.0
15.0
359.2
132.3
75.9
50.0
185.1
28.0
134.2
87.0
34.9
103.2
155.0
168.0
179.8
179.9
21.0
81.2
354.0
37.0
81.0
128.0
127.0
171.0
45.4
90.0
166.9
91.2
180.0
179.9
46.0
96.6
148.3
176.6
57.0
122.4
181.9
99.8
171.9
171.9
79.7
80.0
138.9
77.0
116.2
20.2
44.3
90.1
134.7
90.0
181.0
15.9
67.0
180.0
180.1
84.0
129.0
94.7
154.8
7.8
86.0
13.8
169.0
12.0
141.0
89.9
46.8
137.0
61.0
180.0
90.0
180.0
180.0
127.4
180.6
47.9
120.0
180.0
28.1
101.0
60.7
120.3
181.2
96.5
38.3
169.7
110.0
182.0
135.4
180.4
180.1
40.6
180.0
47.4
157.1
17.0
150.0
164.9
36.0
136.0
87.7
162.0
33.0
90.0
45.0
90.0
170.0
26.1
88.9
169.0
86.0
6.4
92.2
90.0
90.0
180.1
180.0
358.4
110.5
74.1
142.0
41.4
101.4
159.7
150.0
133.8
179.0
135.0
89.0
90.0
134.0
46.0
18.1
58.0
161.0
91.0
103.0
45.0
54.4
125.2
61.1
98.8
168.0
63.1
134.4
180.0
49.0
91.1
132.7
181.1
180.0
180.0
90.1
173.8
76.3
140.1
180.9
71.4
44.9
179.9
4.7
91.7
100.8
89.7
179.4
52.0
132.0
84.0
91.8
145.0
61.0
102.0
164.9
34.0
135.0
87.0
46.0
136.2
187.0
35.0
90.0
136.0
180.0
40.0
135.0
180.0
47.0
104.4
165.7
47.4
59.9
118.3
179.9
85.2
90.0
180.0
167.0
135.3
180.3
157.3
48.6
122.8
81.3
81.3
171.3
73.1
44.3
89.3
46.0
46.0
135.1
32.2
16.0
70.4
133.8
38.3
148.6
45.0
90.0
180.0
55.9
120.8
180.0
120.6
183.6
73.5
180.0
73.9
44.4
68.5
186.1
38.0
41.0
108.0
91.0
135.0
181.0
89.0
52.0
87.0
181.0
62.0
164.0
152.7
43.3
105.4
177.8
181.1
174.3
39.8
142.9
181.8
181.8
131.0
38.0
21.2
124.1
5.0
100.0
153.0
47.8
180.0
180.0
29.2
134.0
155.0
36.0
126.0
93.1
77.4
12.0
153.4
180.0
53.9
180.0
180.0
177.2
178.5
14.5
180.0
179.0
182.0
170.0
137.0
45.0
90.0
110.0
140.0
131.0
22.0
45.1
135.4
180.2
134.2
60.0
152.0
140.0
50.0
136.0
179.5
126.0
189.6
113.7
45.0
89.9
135.0
180.0
180.0
90.1
180.4
150.6
150.6
20.0
65.0
110.0
155.0
135.0
179.4
148.7
136.0
181.0
9.0
99.0
35.1
109.4
163.1
179.2
7.7
14.9
80.5
44.0
185.0
92.0
86.7
179.9
49.0
132.0
87.1
152.9
165.0
149.8
40.0
144.0
144.0
41.6
128.5
152.0
178.9
115.0
159.0
8.1
55.0
179.9
181.0
26.0
151.0
66.0
103.0
179.3
164.0
10.0
47.8
79.5
167.8
63.8
62.8
175.8
127.6
91.0
180.0
180.7
37.4
156.3
51.2
45.1
135.1
180.1
49.0
135.0
128.1
179.6
44.2
179.1
54.1
134.4
44.0
133.9
133.9
178.9
102.0
150.0
180.4
142.7
25.0
135.2
80.0
93.0
181.0
62.0
40.0
135.6
180.6
180.6
186.0
176.0
180.0
29.0
151.2
180.0
63.2
141.0
178.0
56.6
46.6
150.4
59.0
21.6
76.0
49.3
181.0
181.0
116.0
164.0
88.8
180.0
88.9
149.2
22.4
112.4
81.0
169.0
47.0
134.9
179.9
351.9
31.1
125.5
179.0
42.4
138.3
177.3
77.8
93.1
185.2
3.0
130.0
44.9
90.0
22.4
120.0
119.8
100.0
100.0
190.0
190.0
96.0
45.0
135.0
139.0
26.0
91.0
178.0
49.7
139.9
87.8
132.9
177.9
24.7
160.0
48.0
167.4
31.8
44.0
90.0
12.2
152.3
94.1
184.3
140.0
79.0
180.0
193.5
40.5
40.0
94.2
70.0
75.5
29.6
72.7
91.9
34.0
179.5
76.0
174.6
37.4
5.0
59.0
6.0
90.0
21.4
88.7
180.0
23.0
28.0
0.3
90.0
4.0
37.0
120.0
91.0
17.9
179.0
4.6
72.1
91.0
39.7
13.0
13.0
1.0
1.0
0.7
110.6
50.0
90.0
89.0
89.9
89.9
90.0
152.0
152.0
104.8
24.4
141.4
38.0
135.0
20.0
20.0
150.0
38.0
182.0
121.7
96.3
45.0
135.0
180.0
45.3
180.0
76.9
129.0
76.4
166.5
135.3
176.5
44.9
90.0
180.0
90.0
180.0
179.4
126.0
31.6
74.3
165.0
45.0
135.3
140.0
38.1
161.1
45.0
180.0
16.8
5.0
77.7
131.0
48.4
159.2
37.3
37.3
45.4
144.0
36.0
88.0
178.0
32.0
7.7
132.0
44.5
44.6
134.6
101.0
164.8
50.5
140.5
41.8
136.0
92.3
144.9
31.0
145.0
58.5
119.8
184.7
27.1
70.8
124.7
47.4
90.0
152.8
77.0
106.0
91.0
180.0
59.0
180.0
180.0
58.0
148.0
41.1
45.0
90.0
135.0
135.0
359.0
90.0
20.0
116.0
176.0
134.0
138.0
159.9
135.7
135.7
135.7
90.2
89.3
178.7
51.4
154.7
47.0
180.0
30.7
115.5
165.8
98.3
126.6
19.5
158.0
158.0
180.9
45.7
71.0
131.0
50.2
134.6
92.5
180.2
182.1
115.0
91.0
123.0
100.0
99.0
31.0
30.6
121.0
121.0
92.0
65.6
120.5
59.0
119.0
90.0
175.0
116.0
8.0
50.4
138.0
182.0
117.0
172.0
44.7
134.8
30.0
44.0
127.0
10.5
140.0
39.4
87.0
144.1
180.3
41.4
134.0
179.1
138.0
180.0
180.0
14.8
184.0
180.2
50.8
133.4
150.0
48.0
100.0
145.5
94.0
161.0
53.8
174.3
32.2
89.2
159.0
17.0
178.0
32.2
142.3
47.0
12.2
59.3
138.9
31.0
175.4
165.4
167.5
180.0
45.8
178.6
47.0
182.0
23.0
139.0
170.0
91.9
181.0
29.0
151.0
173.0
45.0
91.0
179.0
27.0
118.0
26.3
126.3
133.8
181.0
38.0
153.0
151.0
180.3
14.0
124.2
13.0
174.0
20.0
177.2
132.9
140.0
20.9
90.0
91.9
188.2
167.9
88.8
54.3
48.8
83.4
138.7
71.3
193.9
47.2
180.0
137.9
180.0
90.0
171.0
180.1
40.8
174.6
131.6
67.3
164.5
44.7
135.4
180.0
53.0
76.0
177.0
180.0
76.0
83.5
115.4
105.9
106.5
89.6
189.6
47.3
100.0
45.0
90.0
102.4
53.0
90.6
90.6
45.6
134.6
25.0
25.0
90.0
90.0
176.9
83.0
83.0
83.0
83.0
89.7
179.6
179.7
20.0
46.0
126.0
181.1
45.0
180.0
91.0
181.7
173.8
0.2
45.0
124.9
180.0
54.0
136.0
181.0
51.8
154.8
67.5
45.3
45.3
46.0
52.0
97.0
75.6
2.0
71.0
59.0
168.0
35.0
130.0
125.9
185.0
24.3
148.0
42.0
87.0
67.6
75.0
160.0
38.6
38.7
110.0
32.0
122.0
90.0
90.0
135.0
180.2
179.9
24.0
127.0
135.0
180.0
76.0
190.7
64.1
122.0
183.0
180.0
165.0
94.0
82.3
82.2
50.6
49.0
140.6
141.0
89.8
135.2
41.0
169.6
47.0
47.0
182.0
17.3
135.6
138.6
127.1
58.5
82.0
180.0
182.0
91.6
181.6
31.7
128.5
33.0
169.0
123.0
170.0
24.0
90.0
158.0
32.0
92.0
152.0
140.3
42.4
145.0
180.0
180.0
46.0
143.0
44.6
90.5
56.2
90.0
179.6
68.0
119.3
30.4
90.0
53.0
13.7
90.0
60.0
143.0
52.0
91.0
65.0
43.8
45.1
135.3
179.9
147.3
182.6
182.6
71.0
147.0
188.0
167.3
54.6
90.0
135.0
177.0
21.1
130.2
36.0
134.0
179.0
144.7
115.5
153.4
41.0
41.0
180.0
180.0
180.0
85.0
180.0
172.4
42.6
42.6
17.9
23.0
21.0
62.0
135.0
91.0
183.1
67.9
144.7
145.0
91.0
90.6
56.9
172.5
54.7
95.0
148.3
118.0
35.0
152.0
132.0
44.0
35.3
19.0
153.0
27.0
100.8
38.0
123.0
99.0
131.0
38.0
90.0
140.0
89.4
180.0
131.0
181.3
18.2
143.1
113.0
183.0
170.3
189.0
27.8
161.1
146.0
180.0
180.0
120.0
64.0
170.7
166.5
172.2
9.0
179.0
6.9
179.0
44.5
180.0
160.0
180.0
124.0
183.0
48.0
167.6
43.9
86.0
132.0
181.0
23.0
55.8
16.0
132.0
171.0
184.0
93.0
18.9
181.0
50.3
135.3
175.9
13.8
171.1
89.0
27.0
180.0
186.2
179.1
123.0
29.0
184.0
75.0
170.0
62.0
90.0
138.0
184.0
21.4
148.7
46.0
6.6
46.3
165.0
80.0
180.0
91.0
175.3
180.8
92.0
176.0
105.6
180.5
84.7
12.0
38.0
92.0
181.9
175.0
182.0
180.0
150.1
42.1
161.0
33.6
72.0
116.0
182.0
102.0
147.0
90.0
135.0
54.0
114.0
177.0
175.0
40.0
82.0
82.0
140.0
180.0
179.0
37.9
128.1
34.6
45.6
136.0
180.6
126.8
180.0
91.0
181.0
175.0
45.5
135.7
183.0
53.0
130.0
156.0
179.7
75.3
138.6
40.5
12.9
12.9
96.1
46.0
131.5
181.5
48.0
130.0
179.5
179.0
179.0
179.0
124.9
179.9
178.8
23.6
134.0
180.0
75.0
164.9
180.1
60.6
181.2
181.2
181.0
33.9
153.7
116.8
43.0
43.0
134.0
134.0
134.0
89.0
156.0
45.8
135.2
9.0
44.0
90.0
176.0
92.0
179.0
179.0
179.0
141.0
135.0
180.0
24.1
91.3
174.0
46.9
136.9
140.6
188.7
46.9
158.6
113.0
159.0
23.0
20.0
106.2
102.0
22.0
66.0
33.0
96.0
96.0
39.0
159.3
44.9
172.4
45.0
22.0
134.4
179.6
40.0
142.0
95.0
181.0
93.0
54.2
53.6
42.0
157.0
52.0
90.0
135.0
87.4
87.0
87.0
119.0
125.0
53.0
53.0
141.0
142.0
15.8
136.0
180.0
133.0
180.0
90.0
135.1
127.2
183.5
180.0
48.0
139.0
49.7
128.0
158.0
13.0
38.0
7.0
7.2
71.0
72.0
132.0
56.4
137.4
73.2
22.2
112.3
180.0
46.6
136.6
180.0
42.8
47.2
154.6
36.6
168.0
42.0
87.0
87.0
20.0
180.0
128.9
180.0
49.0
90.9
128.2
91.0
52.0
135.0
90.4
139.0
45.0
140.0
180.0
131.6
109.0
18.6
161.7
28.0
130.0
17.0
44.5
134.0
181.8
36.1
113.9
57.0
186.0
99.0
12.1
31.0
140.0
59.9
119.9
43.8
189.0
146.3
16.4
154.0
181.3
144.0
180.0
124.2
124.2
57.0
91.0
49.4
90.3
138.4
49.0
144.0
185.3
51.6
100.0
29.0
36.6
115.3
90.0
186.0
32.3
152.0
31.0
152.5
90.1
180.1
38.0
158.0
69.9
160.1
101.7
23.0
4.1
139.1
71.0
160.6
53.7
170.0
45.3
90.0
135.3
25.2
68.0
132.7
41.0
110.7
23.6
83.0
112.8
112.8
114.0
181.0
28.8
137.0
181.9
89.0
130.0
45.0
121.3
121.3
169.5
31.0
76.0
143.0
15.0
60.4
106.0
1.5
67.0
139.4
179.8
135.0
60.1
113.0
175.6
47.0
118.0
70.0
170.0
59.6
45.0
135.0
180.0
90.0
135.0
58.0
125.0
30.0
40.0
142.8
28.6
118.0
172.4
358.3
157.3
50.0
150.0
355.6
41.0
131.0
22.7
107.7
36.0
36.0
146.0
145.0
54.0
108.2
162.0
162.0
198.0
173.3
135.6
180.6
180.0
49.4
85.0
180.0
7.0
148.0
90.0
153.8
65.0
115.0
115.0
66.0
181.7
179.0
168.0
67.0
156.8
34.0
161.0
39.0
90.0
134.6
37.6
150.4
46.2
136.0
47.2
73.0
7.7
53.0
94.0
58.0
180.2
35.0
357.8
56.7
360.0
138.0
91.0
54.2
67.0
29.4
119.0
38.0
45.6
65.0
163.0
35.5
90.5
184.5
44.0
48.0
85.0
38.0
72.4
16.1
38.0
78.0
128.0
175.0
95.5
35.0
91.7
56.0
93.0
41.8
90.0
135.2
180.0
44.2
140.5
90.0
152.0
360.0
45.0
159.0
47.0
90.0
137.0
180.0
50.5
140.5
12.0
89.0
179.0
179.0
47.0
109.0
166.0
45.5
44.7
45.0
113.6
180.0
87.8
145.2
145.2
180.5
45.0
135.0
135.0
180.0
46.0
91.0
136.0
180.0
90.0
133.0
178.9
8.1
49.1
126.0
42.3
90.8
154.1
101.0
135.0
89.9
135.1
40.9
134.0
45.5
45.5
135.5
135.5
75.4
75.4
110.5
156.0
156.0
9.0
9.0
99.0
14.6
134.7
94.0
6.0
68.0
68.0
38.9
142.2
185.6
43.0
91.0
157.0
134.4
134.4
179.4
179.4
32.0
73.0
131.0
156.0
43.0
92.0
164.5
39.0
39.0
90.0
90.0
135.0
135.0
180.0
180.0
105.2
105.1
47.0
94.0
137.0
180.0
132.6
43.8
105.0
42.1
42.1
133.4
133.8
67.3
66.0
142.0
157.7
157.7
87.0
155.0
26.5
135.4
135.3
180.0
112.3
89.0
97.0
15.0
44.1
44.1
89.1
179.1
90.0
122.0
195.5
90.0
70.0
173.0
151.1
114.4
178.0
135.3
196.2
134.4
134.0
190.0
161.5
144.0
180.0
111.5
177.0
168.6
180.0
165.6
199.1
90.0
25.0
157.0
180.0
187.0
180.1
195.8
180.0
29.7
155.0
144.0
179.9
125.0
22.0
48.7
128.6
161.3
86.0
160.0
33.1
44.0
112.2
112.0
130.0
165.0
123.2
44.0
135.0
360.0
120.0
80.0
180.0
153.9
184.5
40.0
110.0
37.0
92.0
155.2
30.0
120.0
165.0
136.1
179.1
25.7
90.0
141.9
34.0
64.0
162.0
90.0
169.0
45.1
103.8
129.0
19.4
142.0
149.7
89.9
144.3
42.3
121.7
167.3
44.8
89.8
179.8
163.0
76.0
2.6
42.3
135.0
180.5
179.9
180.1
73.5
135.1
180.0
180.0
180.0
90.0
44.8
135.3
45.0
179.0
133.6
133.8
120.4
22.0
97.0
32.0
148.0
120.0
7.7
104.0
191.0
46.1
29.8
150.0
180.0
35.8
107.2
135.0
182.5
144.4
144.4
180.0
66.0
189.0
40.0
79.0
130.0
168.0
120.0
176.0
42.8
138.9
74.0
164.0
159.0
37.0
177.0
90.0
90.0
35.0
45.3
135.3
180.3
30.0
167.0
44.0
135.0
87.0
87.0
122.0
60.0
119.6
180.0
118.0
77.0
360.0
34.0
90.0
145.0
154.7
138.0
39.0
42.0
90.0
90.0
90.0
90.0
90.0
90.0
140.0
140.0
180.0
1.0
43.2
127.0
38.0
128.0
42.2
137.1
93.9
138.0
55.0
179.7
67.0
130.8
172.0
58.0
129.4
180.5
45.0
91.0
48.7
87.1
87.1
136.2
137.0
115.0
180.0
61.0
150.0
45.0
135.0
36.1
179.7
33.0
144.0
118.0
47.7
152.8
17.0
67.1
124.0
52.0
178.0
89.0
155.0
51.6
131.3
179.8
9.3
129.3
176.0
90.0
10.0
133.0
171.0
46.0
90.0
180.0
90.5
156.0
90.0
167.7
61.0
134.0
181.0
127.4
33.0
58.0
116.0
126.0
101.0
144.0
103.0
91.0
137.9
62.5
31.2
183.3
60.0
119.9
180.0
54.9
101.8
39.6
119.8
180.1
26.2
53.0
67.2
155.2
45.0
156.5
134.0
180.0
179.0
44.0
139.0
134.0
134.0
72.3
142.0
179.8
158.0
8.0
59.0
93.0
93.0
135.0
16.0
84.0
94.0
83.0
178.0
56.0
93.0
123.0
110.0
139.0
86.4
157.4
20.5
21.0
90.0
128.0
180.0
45.0
119.0
119.0
167.0
357.0
90.0
101.2
146.2
110.0
163.1
81.9
170.1
29.0
89.0
149.0
46.0
91.0
7.6
66.7
127.6
107.0
139.0
12.8
57.8
142.7
37.0
172.3
64.0
174.0
75.6
75.5
76.0
159.1
36.1
94.7
63.2
128.2
16.4
90.0
90.0
90.1
38.5
127.0
180.0
40.0
88.0
171.0
171.0
171.0
45.0
180.0
34.8
89.9
134.8
179.8
88.4
77.2
141.0
92.0
91.9
92.0
136.4
165.4
181.3
22.0
95.0
135.0
180.0
180.0
55.0
144.4
89.0
119.0
44.7
134.7
22.0
180.0
161.1
51.7
86.2
177.8
53.0
98.0
143.0
12.0
167.0
17.4
122.8
180.0
48.3
140.8
158.0
38.3
132.3
78.0
167.0
59.0
41.4
93.2
93.2
160.5
181.4
121.1
185.0
50.7
50.8
139.0
85.0
44.0
145.0
180.0
60.0
120.9
180.0
45.0
180.0
20.0
134.0
135.0
346.4
75.6
166.0
97.0
184.0
28.5
143.8
41.3
41.3
136.5
91.0
140.0
52.0
140.7
179.0
37.2
141.2
179.2
22.9
89.9
50.0
156.0
46.0
46.0
136.0
64.2
122.9
52.1
149.0
90.6
180.5
23.8
143.5
143.5
90.2
135.2
180.2
42.8
133.1
44.0
41.0
88.0
88.0
178.0
55.0
59.1
40.0
110.0
169.0
180.1
135.4
85.0
88.3
88.3
133.0
178.3
90.4
158.7
199.0
65.0
68.1
144.9
59.0
32.0
141.7
11.9
62.9
9.0
92.0
134.0
180.0
145.8
191.8
50.7
138.0
135.1
180.0
180.0
164.0
87.0
132.0
180.0
44.0
179.0
63.0
118.0
159.0
95.0
163.3
33.0
179.0
179.0
50.4
40.0
130.0
30.1
63.0
51.1
179.9
88.0
38.0
130.0
70.5
162.3
47.3
116.8
147.8
132.5
38.5
84.2
187.0
37.0
132.0
103.1
178.6
61.9
151.8
125.3
182.9
135.1
180.1
35.1
140.9
180.0
168.1
39.4
134.9
44.0
88.6
165.6
138.0
180.0
137.0
188.1
105.1
180.0
7.0
140.6
38.1
130.1
140.0
180.0
121.4
172.2
57.9
142.0
174.4
122.0
60.0
180.0
45.0
45.0
135.0
175.0
89.7
46.0
5.0
65.0
103.2
153.0
126.0
170.0
93.0
52.7
88.3
148.0
71.3
142.9
142.9
13.4
57.4
147.6
55.2
100.0
145.0
25.0
92.8
79.2
53.0
135.4
149.3
24.3
114.3
109.0
102.0
13.0
111.0
100.5
145.4
190.5
190.0
45.2
103.2
39.3
26.0
95.0
134.0
4.9
69.9
134.0
139.2
96.6
50.6
150.1
150.0
44.7
143.1
100.0
90.0
180.0
180.0
59.0
103.0
176.0
174.0
178.0
50.0
148.0
32.0
62.0
87.0
19.0
160.0
45.0
135.1
180.1
69.0
167.0
141.0
181.5
10.7
130.7
39.6
183.0
70.0
78.0
168.0
90.0
143.0
34.1
180.0
180.0
69.0
156.0
172.0
43.8
139.0
30.0
174.0
180.0
26.0
132.0
91.8
165.8
54.0
34.2
77.6
75.0
128.2
16.0
359.0
119.0
108.0
48.8
64.0
13.3
13.3
133.0
56.0
128.0
33.3
54.0
115.1
90.0
152.4
186.0
136.0
70.3
70.3
167.0
53.0
113.3
161.3
88.8
90.0
180.0
44.0
137.0
42.4
112.7
70.0
165.0
141.0
178.0
44.0
180.0
60.0
177.2
89.0
196.0
167.0
59.6
134.1
180.0
142.0
134.7
55.0
180.0
90.0
171.0
120.0
172.0
90.0
19.7
191.0
90.0
180.0
147.0
165.0
88.0
127.0
126.0
56.0
91.3
100.0
108.0
156.0
148.0
116.0
87.0
90.0
90.0
134.0
90.5
65.0
87.0
66.0
33.0
133.2
179.6
92.0
135.0
35.1
111.7
166.7
106.0
90.0
180.3
41.0
132.0
132.0
0.0
91.0
9.0
145.0
88.5
165.7
165.7
70.4
35.0
130.0
88.8
88.8
179.0
129.0
89.8
124.0
152.9
34.0
161.0
65.0
129.0
37.0
127.0
134.4
180.0
91.0
26.0
88.0
134.7
127.6
127.6
46.3
43.0
125.0
89.0
111.0
165.0
165.4
43.8
95.6
95.6
24.0
117.1
180.0
180.0
180.0
102.1
102.1
179.6
45.0
90.0
135.0
180.0
158.9
146.0
39.0
149.2
90.0
132.5
180.0
44.0
90.0
134.0
180.0
90.7
181.0
45.8
90.0
90.0
89.9
180.0
54.0
54.0
358.6
58.2
120.0
28.0
28.0
118.0
118.0
29.2
63.7
146.4
135.0
32.0
139.7
22.0
142.0
54.2
144.2
21.0
62.0
126.0
162.0
175.3
163.0
92.0
182.0
23.0
38.2
155.5
68.0
68.0
140.8
156.3
60.8
143.0
124.6
24.0
180.7
191.0
139.0
139.0
138.8
37.0
148.3
43.2
97.5
187.3
42.4
90.1
132.0
67.0
162.1
147.4
180.3
56.0
67.0
134.0
175.0
153.0
175.0
174.9
180.0
150.0
181.0
185.3
90.0
164.0
54.4
55.4
180.0
139.0
35.0
79.0
49.0
132.0
180.0
180.0
180.4
9.7
51.0
128.0
43.0
181.0
181.0
188.0
44.6
68.7
109.0
166.6
43.2
134.0
35.9
135.5
27.8
27.8
160.9
7.5
90.0
180.0
134.5
180.0
96.8
147.8
153.2
36.0
135.0
190.0
46.2
137.7
47.6
75.9
41.6
169.0
41.0
90.0
135.0
62.0
180.0
181.0
41.5
127.0
180.0
133.3
158.3
158.3
158.3
180.5
126.2
185.6
69.0
70.1
180.1
137.5
34.7
13.0
36.0
166.0
38.0
134.0
71.0
130.0
34.7
34.7
102.5
145.4
36.0
154.0
137.0
59.0
136.0
29.6
120.0
179.0
135.8
180.0
45.0
165.8
63.0
122.0
122.0
122.0
90.7
127.7
146.0
29.0
157.0
68.0
110.0
154.0
180.0
13.0
93.0
145.0
78.0
78.0
41.0
47.7
47.7
36.7
139.3
136.0
181.0
20.0
45.3
90.2
135.0
180.4
89.0
129.0
96.8
92.0
78.3
149.5
166.1
44.5
133.0
179.5
46.9
174.0
43.4
137.4
173.6
36.8
97.7
145.0
145.0
199.1
179.3
49.0
87.3
133.8
12.0
11.0
32.0
164.9
129.0
180.0
160.0
123.0
43.9
133.0
181.0
75.4
154.5
143.0
150.0
180.0
180.0
137.2
180.0
164.0
178.0
180.0
51.3
126.2
142.6
179.9
154.0
179.5
134.3
17.6
180.0
180.0
142.0
141.0
40.9
145.8
178.7
165.8
146.7
134.2
181.0
180.0
138.0
181.0
180.0
44.9
106.1
27.0
107.7
90.0
90.0
179.0
140.0
47.0
135.0
178.0
45.0
90.0
41.0
117.0
180.0
21.4
80.1
125.7
144.5
166.7
90.0
131.5
50.5
74.0
55.9
179.9
39.0
134.0
3.2
48.0
134.0
90.0
105.0
139.7
8.9
9.0
57.8
89.2
135.0
180.0
89.0
155.0
118.2
131.0
180.1
43.8
89.6
135.1
180.0
187.0
89.1
179.0
51.0
120.0
179.0
182.0
97.0
175.0
90.0
18.0
179.0
89.0
179.0
147.0
31.0
94.0
149.0
87.0
87.0
127.0
179.0
30.0
155.0
90.0
180.0
90.0
141.2
157.2
128.5
128.5
44.7
166.0
21.0
88.0
69.0
143.0
67.0
157.0
49.1
134.3
181.7
28.5
115.4
92.0
182.0
182.0
37.0
173.0
125.0
165.0
27.6
162.6
153.5
182.0
90.0
179.0
42.6
89.0
29.9
120.1
145.2
180.0
135.0
180.0
179.0
64.4
124.0
20.6
89.0
22.5
47.0
145.7
150.0
89.4
183.1
183.1
180.0
135.0
135.0
45.0
32.8
50.1
94.0
180.0
39.0
135.0
40.0
133.0
158.0
192.9
179.0
179.1
91.0
136.0
63.0
143.0
48.0
106.0
183.0
46.0
135.0
41.0
179.0
45.1
135.1
180.2
44.8
44.8
32.2
171.5
34.0
130.0
174.0
52.0
24.0
110.0
179.0
163.3
21.7
150.2
116.0
48.0
179.0
59.0
183.1
180.0
113.0
188.1
142.5
81.0
172.0
84.5
148.3
196.4
26.0
185.0
136.0
66.0
105.8
171.8
90.0
180.0
136.0
116.0
148.0
171.0
93.0
161.0
180.0
188.0
96.0
23.2
187.0
90.0
186.0
179.0
186.0
39.7
118.9
6.0
116.0
50.0
92.5
156.7
102.0
177.9
48.0
144.0
58.0
40.2
135.3
179.3
359.0
168.4
179.7
99.0
50.0
151.0
129.7
180.0
146.0
60.7
180.9
17.0
80.0
52.6
64.3
91.0
89.1
179.9
167.0
185.8
23.8
143.6
60.0
155.0
91.4
150.0
86.6
11.2
180.5
180.3
69.8
136.5
180.4
34.0
67.4
132.5
132.0
179.9
45.0
180.0
42.0
180.0
63.0
132.0
89.0
179.0
185.0
88.5
158.8
88.6
134.3
134.3
44.5
84.4
47.0
137.0
181.7
95.7
134.9
56.0
8.0
89.7
179.7
36.0
126.0
171.0
90.0
126.0
45.0
88.0
135.0
89.5
180.8
175.5
175.5
89.0
3.5
12.0
120.0
90.0
183.8
90.0
90.0
180.0
180.0
36.0
111.0
111.0
34.5
98.0
86.9
92.0
161.0
36.0
145.0
38.1
40.9
98.0
40.5
129.0
46.9
168.6
179.6
162.0
30.4
90.5
150.6
61.9
98.2
110.0
104.0
18.9
99.7
17.8
40.3
42.9
131.7
142.1
34.6
27.7
357.0
50.0
143.7
162.0
45.0
38.0
50.0
100.0
122.0
33.0
90.0
157.0
54.0
79.9
135.0
180.0
46.0
129.0
139.0
72.1
140.0
180.0
145.2
178.2
39.5
159.6
144.0
45.8
172.8
56.9
118.5
175.0
53.1
130.0
32.3
100.0
30.7
125.3
359.6
89.6
50.0
120.0
180.5
26.3
153.0
180.0
52.0
133.0
59.0
167.0
90.0
55.0
137.0
32.0
156.0
45.0
90.0
135.0
180.0
45.0
90.0
141.0
27.3
179.0
141.0
180.0
90.0
179.0
135.0
91.0
138.0
45.0
138.5
181.0
13.0
55.0
106.0
152.0
173.0
59.1
135.0
128.0
159.7
43.9
54.0
86.0
130.0
148.0
23.0
157.1
163.3
55.6
145.3
76.0
175.0
155.1
89.0
43.0
134.0
54.7
71.0
50.0
82.0
132.0
22.0
114.0
6.0
113.0
97.8
90.6
179.0
67.0
180.0
129.0
180.1
89.0
180.0
102.0
47.0
92.0
174.3
33.1
173.2
47.0
47.0
89.0
89.0
136.0
60.0
110.0
21.0
140.0
45.0
135.0
52.0
180.8
177.0
134.0
19.9
66.4
31.0
97.8
180.0
43.0
33.8
152.5
194.0
91.1
182.5
90.0
182.2
173.5
12.0
137.0
174.0
114.6
113.2
160.0
53.2
110.9
119.7
106.9
179.7
127.3
94.0
44.0
98.0
130.0
127.0
80.4
102.5
102.6
55.3
55.3
95.0
90.3
170.0
90.0
158.5
97.0
107.0
163.0
45.0
99.0
110.0
108.0
118.0
103.0
102.8
111.0
88.0
1.0
75.0
91.0
143.7
35.0
102.0
53.0
160.3
47.0
42.0
136.0
172.3
85.1
87.4
99.7
73.0
109.0
123.0
29.0
97.0
116.6
88.0
147.6
45.0
56.0
19.0
66.0
66.0
126.0
69.0
57.0
31.0
114.0
133.0
94.0
94.0
133.0
151.4
181.4
14.0
89.5
45.2
44.9
122.0
122.0
62.1
95.0
21.4
73.8
46.1
45.8
135.9
45.0
60.0
144.2
144.2
181.0
181.0
119.0
133.0
8.0
9.0
9.0
46.0
19.8
91.7
112.0
107.3
167.3
58.6
58.6
118.0
152.0
137.2
64.9
7.0
36.0
68.9
111.0
96.9
28.0
74.0
51.0
20.0
39.0
166.0
31.0
47.0
40.9
43.0
38.0
116.3
45.2
144.0
35.9
11.4
110.1
120.0
120.0
90.0
65.0
161.0
61.0
91.0
53.0
53.0
84.0
57.0
120.0
90.0
133.0
110.0
116.0
112.0
57.0
46.0
107.0
94.0
115.0
50.0
84.0
93.0
32.0
167.0
34.0
87.0
68.0
143.0
143.0
125.0
117.0
20.0
97.0
114.0
89.0
129.0
111.0
154.0
74.0
74.0
90.0
141.0
155.0
142.0
97.0
130.0
100.0
103.0
102.0
82.0
115.0
135.0
153.0
184.0
4.0
35.0
92.0
136.0
83.0
107.0
123.0
94.0
60.0
35.0
35.0
112.0
23.0
13.0
107.0
75.0
75.0
54.0
36.0
143.0
73.0
99.0
98.0
57.0
11.0
21.0
21.0
25.0
17.0
17.0
55.0
79.0
79.0
132.0
42.0
42.0
99.9
176.0
176.0
181.0
36.0
153.0
184.0
151.0
151.0
9.0
154.0
180.0
16.0
181.0
182.0
51.0
83.2
118.0
93.0
29.0
5.0
36.0
39.1
80.4
70.0
56.5
57.9
50.4
51.0
163.0
179.0
47.5
24.9
95.0
179.0
124.0
184.0
176.0
8.0
82.0
82.0
59.0
142.0
170.7
117.0
43.0
175.0
175.0
174.0
148.2
148.0
15.0
39.0
20.0
7.0
7.0
90.0
110.0
7.0
8.0
150.0
33.0
163.0
153.0
146.0
88.4
130.2
44.0
173.0
173.0
175.0
153.0
97.0
133.7
134.4
45.0
45.0
144.0
128.0
148.0
127.0
13.0
124.0
124.0
94.0
169.0
110.0
160.1
78.0
26.0
26.0
125.0
132.0
84.0
158.0
60.0
42.0
125.0
98.5
96.0
39.9
44.0
22.0
24.0
134.0
69.0
102.0
41.3
122.0
15.0
25.0
142.0
53.0
53.0
26.0
69.0
86.0
65.1
85.0
85.1
85.3
86.0
37.0
107.0
91.0
91.0
91.0
82.0
82.0
13.0
103.0
70.0
70.0
18.0
62.0
74.0
67.0
67.0
119.0
119.0
45.0
118.0
88.0
113.0
113.0
66.0
52.0
174.0
173.7
92.0
91.0
13.6
180.0
180.0
121.8
17.0
48.0
53.0
57.0
15.0
78.0
37.0
112.1
82.0
71.0
71.0
100.7
115.0
170.0
107.0
65.0
117.0
16.0
72.0
102.0
73.0
52.0
125.0
125.0
51.0
128.0
20.0
101.0
142.0
107.1
33.0
94.0
28.0
58.7
41.0
90.0
153.0
39.0
82.0
73.0
77.0
155.0
15.0
175.0
85.0
29.0
29.0
113.0
115.0
79.4
29.0
19.0
21.0
48.7
181.0
38.0
113.0
110.0
51.0
135.0
177.0
62.0
98.0
59.0
7.4
15.0
88.0
152.0
86.6
165.0
73.0
36.6
36.6
128.0
81.0
180.0
10.0
152.0
142.0
95.0
126.0
180.4
122.0
26.0
146.0
169.0
137.0
148.0
124.0
169.0
93.0
55.0
143.0
144.0
43.0
79.0
79.1
82.0
160.0
148.0
150.0
68.0
79.7
142.1
70.1
183.2
183.0
111.0
19.0
94.0
181.0
61.0
159.0
50.5
176.0
105.0
20.0
23.0
104.0
166.3
31.0
163.0
174.0
132.0
132.0
91.0
48.0
48.0
158.5
123.0
181.0
181.0
175.0
157.0
120.0
119.2
159.1
161.8
165.0
167.0
21.0
142.0
167.0
168.0
173.0
29.0
170.0
178.0
114.0
169.0
67.0
123.0
156.0
169.0
146.0
37.5
53.0
137.0
141.0
141.0
99.0
48.0
84.0
81.0
28.0
76.0
24.0
66.9
174.7
113.0
153.0
128.0
98.0
98.0
76.0
75.2
110.0
3.0
18.0
81.0
90.0
181.0
109.0
25.0
167.0
167.0
138.0
53.0
133.0
121.0
156.0
159.6
176.0
45.0
101.0
101.5
180.0
169.6
169.6
105.0
121.0
183.0
94.0
105.0
176.0
176.0
168.0
17.0
118.4
85.0
32.0
48.0
10.0
10.6
116.0
117.0
85.0
69.0
59.0
117.0
135.0
74.7
135.0
90.0
128.0
82.0
40.0
46.0
45.0
42.0
42.0
150.0
178.0
152.0
130.1
129.9
70.0
163.0
163.0
163.0
34.9
181.0
52.0
160.0
124.5
59.9
58.1
37.0
37.0
48.0
31.0
31.0
160.0
38.0
38.0
39.0
14.0
180.0
144.0
89.0
126.4
146.0
146.0
151.0
142.0
80.0
60.0
87.0
74.0
137.0
102.0
102.0
53.0
53.0
309.0
38.0
139.0
155.0
60.0
90.0
165.0
137.0
98.0
108.0
84.0
111.0
125.0
8.0
151.0
151.0
54.0
58.0
58.0
66.0
142.0
123.0
69.0
69.0
102.0
134.0
62.0
124.0
19.0
26.0
26.0
117.0
87.0
87.0
25.0
25.0
25.0
113.0
110.0
146.0
162.0
56.4
46.0
51.0
45.0
155.0
66.6
66.7
52.0
78.0
78.0
18.0
18.0
46.1
129.0
78.0
179.0
93.0
93.0
93.0
167.0
167.0
155.0
86.0
93.0
77.0
122.0
83.0
56.0
56.0
69.0
128.0
66.0
37.0
65.0
127.0
34.0
108.0
45.0
87.0
87.0
133.0
133.0
85.0
71.0
135.0
17.0
124.0
72.0
72.0
84.0
182.0
152.0
30.0
129.0
55.0
180.0
145.0
145.0
116.0
160.0
94.0
94.0
87.0
92.0
75.0
51.0
143.0
132.0
120.0
120.0
135.0
105.0
101.0
85.0
85.0
112.0
17.0
97.0
97.0
154.0
109.0
134.0
80.0
103.0
79.0
25.0
127.0
146.8
29.0
80.0
121.4
188.0
136.5
151.0
151.0
184.0
97.8
11.0
38.0
159.0
105.0
105.0
143.0
53.0
111.6
111.6
104.0
54.0
150.0
33.0
85.0
9.6
77.0
76.8
77.0
146.9
22.0
22.0
86.0
108.0
145.0
66.8
66.5
114.0
27.0
56.0
135.0
97.0
306.0
172.0
88.6
88.9
89.0
19.0
164.0
169.0
169.0
81.0
106.0
106.0
87.0
87.0
157.0
116.0
164.0
70.0
70.0
80.9
81.0
146.1
33.0
165.0
28.0
136.0
171.0
14.0
6.4
5.9
62.0
157.1
164.0
4.0
71.5
166.0
100.0
76.7
90.0
174.0
14.0
140.7
44.7
2.0
6.5
72.0
26.0
176.0
111.6
83.0
107.0
172.8
178.0
22.0
168.0
117.0
135.0
77.0
117.0
155.0
17.7
359.0
121.0
170.0
158.0
117.0
96.0
26.3
185.0
43.5
95.0
165.0
99.0
74.0
146.0
186.0
79.0
109.0
156.0
89.0
154.0
11.0
84.0
84.0
93.0
91.0
13.0
163.0
167.0
74.0
110.0
143.0
54.0
95.0
45.5
46.0
81.0
73.0
73.0
73.0
11.0
107.8
108.3
37.6
95.2
48.4
74.0
91.0
135.0
172.0
18.9
140.1
140.0
140.0
62.0
62.0
64.0
66.0
70.0
96.0
137.2
155.0
78.0
78.0
78.0
13.0
91.0
91.0
99.0
99.0
29.0
63.0
60.0
90.0
36.3
35.4
113.0
113.0
32.8
54.0
52.9
133.0
134.0
186.0
186.0
186.0
105.0
105.0
182.0
17.0
17.0
47.0
54.6
18.0
31.0
76.0
113.0
49.0
59.0
117.0
59.0
178.0
178.0
86.0
182.2
181.0
41.0
90.0
167.0
167.0
168.0
176.0
148.0
159.0
91.0
85.0
183.0
96.0
74.5
75.0
15.3
139.0
139.0
49.0
65.6
44.9
180.0
93.0
71.0
102.0
162.6
111.0
127.1
48.2
88.1
88.0
64.4
112.2
38.0
26.0
116.0
68.3
54.0
76.0
165.0
49.0
37.0
36.0
120.0
42.0
115.0
173.0
89.0
49.6
53.7
104.0
77.0
133.5
64.0
15.8
28.0
174.0
174.0
174.0
174.0
179.0
153.4
71.0
88.0
41.2
128.0
137.0
142.0
166.0
169.4
170.4
121.0
18.0
165.0
87.6
90.0
177.3
135.3
156.5
122.0
125.0
125.0
125.0
133.0
182.0
113.0
184.3
92.0
139.0
107.0
12.2
12.0
161.3
44.0
134.0
13.0
18.0
80.0
14.0
182.0
32.8
42.8
94.0
65.0
108.0
104.0
69.6
93.0
98.0
130.5
99.5
118.0
109.0
74.0
6.4
109.0
74.0
83.0
73.0
161.0
26.0
103.0
347.0
153.8
90.2
102.8
31.4
17.4
127.7
88.0
49.8
156.7
110.9
67.0
40.0
115.2
66.0
170.0
57.6
19.0
61.2
174.0
13.0
143.6
10.0
86.0
112.0
65.5
86.7
131.1
88.0
173.0
68.8
17.3
141.0
36.9
179.8
125.6
168.3
73.3
160.6
105.1
58.3
80.7
25.7
149.0
116.2
109.0
32.6
110.0
131.0
28.7
96.3
56.0
141.7
136.4
92.1
169.5
142.2
19.5
70.0
81.9
66.0
173.9
54.8
36.0
80.4
105.0
35.0
120.3
173.7
125.6
148.5
163.3
193.1
35.7
102.9
67.0
108.0
29.9
32.0
122.0
49.0
183.0
79.1
31.0
133.0
140.0
60.1
150.0
156.7
33.0
108.1
137.0
166.1
38.5
156.0
100.3
56.0
190.8
190.8
156.5
180.8
95.0
55.2
116.0
38.0
26.0
123.4
30.0
113.0
29.0
134.0
143.0
59.0
126.0
73.9
153.3
40.0
180.3
179.9
86.4
47.2
22.6
100.0
134.0
187.7
173.0
156.2
105.0
181.0
118.4
54.7
17.8
72.7
72.7
59.4
59.4
121.0
165.0
93.0
174.2
151.0
15.7
89.1
177.8
33.5
126.8
31.3
122.9
101.0
47.0
92.7
100.8
140.9
173.7
140.0
119.0
45.0
45.0
45.0
47.4
149.2
17.7
179.1
91.0
136.0
148.0
99.0
99.6
145.0
190.3
176.0
156.8
55.4
123.6
123.6
87.0
101.0
191.0
28.0
88.0
91.6
188.4
106.0
93.9
92.9
152.6
74.2
183.9
95.0
56.9
99.0
34.0
29.0
106.1
89.0
97.0
51.0
92.1
131.4
178.9
110.0
92.0
88.1
180.0
129.0
49.1
96.2
182.0
121.1
16.0
178.8
183.4
77.0
66.0
87.0
12.0
31.6
38.0
182.0
180.0
6.0
161.0
175.0
165.0
31.0
29.5
83.4
38.0
19.6
9.7
164.4
180.4
96.4
39.6
91.6
79.6
33.0
135.1
36.2
70.0
60.0
146.0
36.0
69.1
83.0
32.9
95.0
41.0
5.9
81.4
44.0
32.0
177.0
60.0
90.0
156.5
11.2
70.0
180.0
153.5
144.0
67.2
118.6
75.0
39.0
86.0
5.0
87.0
155.0
87.6
68.0
64.0
71.0
16.0
116.0
68.0
91.0
179.0
76.9
90.3
166.0
54.0
46.0
61.0
83.0
71.0
93.2
63.0
74.0
55.9
48.0
172.0
21.9
3.9
53.8
114.7
76.1
71.5
50.2
26.3
52.0
56.0
44.7
84.0
76.0
175.0
150.0
90.0
37.0
46.0
99.0
154.0
45.4
122.2
111.8
169.7
159.8
182.0
22.1
97.0
48.9
15.0
131.0
82.7
90.0
101.0
88.0
111.7
126.6
98.7
133.0
127.0
105.0
123.0
90.0
111.3
85.7
86.7
118.0
68.2
144.8
25.0
87.7
164.0
61.0
95.0
92.0
123.0
56.0
90.0
135.0
129.7
90.0
95.1
77.0
355.0
76.0
167.0
166.0
64.0
118.0
131.0
123.5
58.5
115.1
85.0
41.0
90.0
1.0
19.1
105.8
153.9
90.0
183.0
177.0
158.0
37.8
104.4
109.0
155.0
145.9
121.9
181.2
120.4
96.2
61.0
97.2
153.0
109.9
150.0
70.0
91.1
52.0
163.0
60.0
90.0
21.0
90.0
45.0
135.0
70.7
180.0
176.0
17.0
171.0
98.0
89.0
134.1
60.2
90.0
54.3
108.0
48.4
72.6
149.7
85.2
75.4
125.7
64.6
56.1
136.5
28.5
123.4
112.5
80.2
116.5
197.1
192.0
70.8
88.5
83.0
86.2
68.5
31.3
124.4
191.8
106.5
79.5
135.1
134.8
89.1
83.9
20.0
151.0
30.9
144.9
175.6
188.5
196.1
163.8
129.0
117.9
117.9
157.6
107.2
99.9
114.1
67.5
134.9
178.6
138.9
145.6
143.0
121.1
106.0
106.0
116.2
200.0
55.0
50.0
153.0
27.5
71.0
71.5
131.0
196.0
47.5
47.5
92.0
47.0
88.0
132.0
181.0
101.4
37.7
41.0
131.0
72.1
56.0
119.0
348.0
47.6
116.8
165.5
165.1
171.0
57.9
147.0
95.0
95.0
196.0
196.0
27.2
27.0
31.1
131.1
38.5
168.5
165.5
143.0
201.3
33.9
159.6
160.1
155.2
101.8
78.0
87.0
74.2
122.1
66.5
66.0
156.7
88.5
186.0
185.0
41.7
41.7
82.7
186.7
65.0
64.6
92.6
140.9
109.0
109.0
168.2
42.9
136.7
207.0
90.4
90.4
134.0
133.7
180.7
180.7
76.0
165.0
65.0
206.0
205.0
144.9
128.8
52.0
94.0
96.0
184.0
42.5
40.0
133.0
171.5
50.0
88.0
86.0
126.3
206.0
295.9
138.5
113.1
113.1
64.0
64.0
134.0
194.0
183.0
175.4
53.0
98.0
99.6
81.0
163.8
57.8
106.1
131.1
128.1
128.1
161.1
42.0
176.0
180.0
174.8
66.0
5.0
187.0
29.0
29.0
131.0
107.0
55.0
143.2
65.8
66.0
182.5
66.0
122.0
113.0
123.0
123.0
153.8
114.0
172.0
115.0
173.0
21.0
12.0
145.8
175.7
33.0
150.7
151.6
34.0
128.4
149.0
129.0
164.9
70.8
186.0
150.2
165.0
165.0
153.8
165.0
165.0
150.0
153.0
106.0
184.0
150.0
167.0
155.1
160.0
160.0
160.0
129.9
60.2
140.9
162.6
169.0
184.0
60.0
155.0
158.0
142.0
168.2
167.7
178.0
163.5
175.0
153.0
114.0
150.0
150.0
164.0
105.0
152.0
8.0
118.0
86.3
87.1
85.0
99.8
101.2
65.0
132.9
74.7
172.2
171.0
154.2
105.0
179.0
140.0
102.0
151.0
103.2
167.0
88.0
117.0
118.5
114.9
154.0
150.0
144.6
144.6
140.6
140.6
136.5
124.6
122.3
137.1
125.0
125.0
137.0
124.1
83.0
132.0
132.0
74.3
114.8
94.9
94.9
82.0
128.8
134.5
127.7
111.4
116.0
142.0
113.0
18.0
77.0
92.1
70.0
76.1
110.7
78.0
78.0
85.0
85.9
146.7
93.8
104.9
79.2
59.1
130.0
129.7
101.8
112.2
47.2
109.0
108.8
89.0
109.0
109.0
99.9
139.0
128.0
27.8
27.8
128.7
158.0
122.6
78.8
49.5
112.0
132.0
78.7
98.7
145.2
71.1
133.6
133.6
70.3
94.8
152.2
104.9
134.0
78.6
109.0
130.0
161.0
140.0
82.0
89.0
113.9
114.4
114.3
132.5
157.0
149.9
85.0
110.7
33.0
128.9
128.9
126.5
133.0
167.0
90.9
90.9
173.0
173.0
170.9
132.7
105.8
81.4
81.4
65.0
19.0
131.0
102.0
130.4
80.0
131.1
174.9
176.5
173.3
177.0
120.2
120.0
181.4
155.0
155.0
180.0
180.0
90.0
168.0
172.0
32.9
165.8
177.0
62.0
46.3
45.0
130.9
128.0
128.0
128.1
170.0
134.0
7.0
127.0
127.0
131.0
131.0
147.0
133.0
121.0
121.0
170.0
89.0
120.0
121.0
112.0
164.8
153.0
122.0
157.9
13.9
66.7
166.8
85.0
85.0
64.6
136.2
71.0
174.1
173.0
120.3
100.2
38.7
77.5
23.7
161.7
57.6
167.3
173.0
60.8
171.0
50.0
168.0
24.9
21.0
27.0
125.0
163.0
50.1
150.1
151.0
29.4
66.0
61.0
173.0
181.0
18.8
75.4
140.0
70.0
163.0
78.9
27.0
180.8
118.8
36.0
69.0
72.0
90.0
63.0
101.0
100.0
147.0
147.3
74.5
74.3
181.0
181.0
137.0
135.9
132.0
61.1
61.1
77.0
45.0
89.9
121.0
183.3
21.0
180.1
131.9
58.4
175.9
142.7
136.0
136.0
14.6
118.2
150.0
150.0
92.0
92.0
13.0
147.0
152.6
79.0
140.5
52.0
6.3
6.3
60.7
83.0
91.6
100.0
148.0
197.0
166.0
88.6
88.5
88.5
119.3
119.4
125.7
145.7
150.0
150.0
158.0
138.9
152.0
151.7
180.0
133.3
145.3
137.9
97.0
152.5
163.5
142.4
142.5
132.9
138.5
160.7
118.4
118.5
109.0
108.6
92.6
99.0
56.0
56.0
64.3
64.0
100.0
62.8
62.8
44.0
111.0
100.0
60.0
59.0
89.4
74.9
149.9
100.5
41.0
101.0
89.0
89.5
176.4
97.3
48.0
48.0
110.0
109.0
39.0
177.0
83.0
158.2
158.0
140.1
156.0
156.0
72.1
162.1
77.0
135.1
59.0
173.0
81.9
26.0
62.0
179.6
26.0
68.5
8.0
135.0
151.5
38.0
115.1
45.0
71.0
165.0
113.0
180.0
179.8
18.0
93.0
23.0
23.0
128.0
30.0
92.0
125.0
122.0
91.0
90.0
32.3
39.0
24.0
158.0
95.0
53.0
177.0
181.0
34.0
113.0
114.2
180.7
32.0
37.0
37.9
126.5
42.0
61.0
185.0
26.5
85.0
92.0
127.0
202.3
135.6
201.0
80.0
180.0
189.0
162.0
159.0
176.7
31.0
31.0
130.0
38.0
38.0
38.0
38.0
89.0
130.0
112.0
202.0
63.0
90.0
90.0
152.0
165.0
117.0
171.0
36.0
172.0
90.0
41.0
135.0
40.0
44.0
181.0
31.0
51.1
110.0
55.0
148.6
193.0
179.0
72.0
49.7
140.0
82.0
92.0
189.0
277.0
198.0
83.0
189.0
105.0
106.0
62.0
166.0
24.0
132.0
196.3
90.0
38.0
136.0
47.0
35.0
81.0
101.0
40.0
68.0
179.0
34.0
149.0
45.0
32.0
32.0
66.1
90.0
180.0
67.0
175.0
90.0
90.0
165.0
121.0
59.0
59.0
56.0
38.0
47.1
147.7
42.0
187.0
153.0
106.0
78.0
41.7
109.7
176.9
76.0
102.0
194.0
96.0
118.0
35.0
70.7
70.0
147.0
31.0
108.0
154.0
90.0
22.0
32.0
134.0
70.0
45.0
188.0
51.0
60.0
75.0
149.0
63.0
136.0
53.0
106.3
167.0
77.4
182.4
190.0
182.0
90.0
107.0
89.0
175.0
89.0
46.0
111.2
207.0
178.6
81.0
83.0
98.0
164.0
154.0
99.0
33.0
88.0
81.0
62.0
137.0
73.0
143.7
173.7
121.4
67.0
164.0
22.0
56.0
56.0
69.0
45.0
135.0
101.7
29.0
47.0
73.0
81.0
32.0
55.0
130.0
78.0
75.0
99.0
60.0
100.0
136.0
179.0
32.0
162.0
50.0
133.0
92.0
68.0
66.0
66.0
65.0
65.0
79.0
125.0
80.0
60.0
90.1
57.0
30.0
174.0
82.0
170.0
91.0
72.0
67.0
90.0
28.0
55.0
55.0
118.0
185.0
45.0
180.0
61.0
60.0
180.0
52.0
52.0
53.0
53.0
51.0
90.0
90.0
91.0
51.0
44.0
35.0
56.0
100.0
101.0
41.0
90.0
76.0
161.0
28.0
175.0
62.0
76.0
48.0
73.0
55.0
59.0
129.0
37.0
91.0
40.0
5.0
94.0
63.0
89.0
80.0
108.3
90.0
69.0
69.0
67.0
65.6
91.8
48.0
46.0
90.0
91.0
56.0
72.0
95.0
35.8
181.0
181.0
63.5
87.9
34.7
26.2
38.8
164.4
91.9
179.4
180.0
139.0
130.2
176.5
27.1
178.7
178.6
44.8
18.2
34.6
78.0
92.0
49.3
49.3
20.9
26.0
26.3
26.2
121.0
58.4
150.0
150.0
171.0
19.9
46.0
68.1
51.0
51.0
141.0
157.2
84.6
28.7
86.0
3.0
73.1
159.3
353.0
352.6
108.0
172.6
172.5
159.0
174.7
71.0
135.0
123.2
123.6
68.9
124.5
9.0
62.3
136.0
131.9
154.2
121.0
57.0
115.7
133.9
25.8
150.0
122.7
150.0
85.2
101.6
0.4
170.0
99.2
64.9
138.0
174.2
79.4
79.4
70.0
168.8
26.0
34.0
65.9
6.0
152.5
176.0
92.2
90.7
55.5
55.5
60.0
13.6
66.8
87.1
90.0
59.0
59.2
359.4
109.0
63.9
9.0
9.3
131.0
130.5
135.0
135.0
94.0
102.4
72.8
104.8
87.0
127.3
114.4
160.5
52.0
6.6
96.4
2.2
47.9
63.5
109.0
11.0
96.6
95.1
31.9
92.7
100.3
82.5
117.7
57.9
139.8
79.4
359.2
85.3
69.6
159.9
15.4
359.0
19.8
17.0
9.0
35.1
57.0
149.9
149.9
4.3
170.3
173.4
174.6
20.6
22.0
32.0
161.2
165.2
56.0
2.9
92.0
122.0
82.0
74.7
25.3
69.8
11.0
12.0
178.0
60.2
127.9
71.3
48.0
37.9
63.0
69.4
27.0
15.7
15.3
145.0
90.0
91.0
33.0
14.0
32.0
29.9
169.0
50.3
69.0
158.0
68.0
26.1
141.0
58.5
125.6
360.0
142.2
169.0
174.0
173.9
55.1
56.0
176.0
177.0
162.9
146.1
160.0
89.6
90.0
155.0
132.0
145.0
145.0
145.0
145.0
359.1
8.0
84.0
84.0
135.0
135.0
142.4
142.0
158.0
158.0
156.6
89.3
175.5
175.5
124.2
124.0
24.6
24.6
51.8
52.0
88.8
133.2
103.6
110.1
139.0
120.0
188.0
105.0
105.5
177.0
177.0
41.9
43.2
51.0
51.0
21.2
15.7
37.8
39.2
41.6
29.0
166.0
172.4
138.1
55.0
75.3
84.2
38.7
117.9
170.6
6.4
67.0
21.0
21.1
41.0
5.4
53.0
60.3
134.8
67.8
65.3
49.0
155.0
15.0
104.0
49.3
117.0
52.0
17.8
71.0
20.0
88.7
12.9
18.0
33.0
17.0
139.0
173.0
172.0
26.0
86.0
93.8
9.5
164.7
88.4
58.0
26.8
74.0
105.0
14.0
31.2
165.0
45.0
55.0
15.0
49.6
5.2
172.1
59.6
162.0
126.0
89.0
184.0
166.0
93.0
64.0
44.2
66.0
24.0
38.0
49.0
44.8
184.0
92.5
145.0
180.0
25.0
84.0
21.0
57.0
50.0
12.0
55.0
10.0
60.0
20.0
20.0
171.0
84.0
122.0
34.0
31.0
112.0
161.0
89.0
46.0
45.7
45.9
91.9
112.0
46.0
130.0
25.3
147.4
9.2
164.0
180.9
181.0
25.1
106.0
165.0
62.7
181.4
46.3
178.9
44.0
96.0
50.0
16.0
16.0
96.1
60.0
176.0
45.7
73.0
113.4
74.2
182.0
97.0
183.4
93.8
30.0
89.4
11.0
44.0
131.0
87.0
70.9
133.2
180.5
107.6
107.8
188.6
184.3
75.2
132.0
90.0
28.0
1.0
133.3
44.0
8.4
10.0
24.0
124.0
158.7
358.0
43.0
44.0
161.0
138.8
13.9
13.0
176.9
165.3
21.0
102.3
164.0
11.0
11.0
54.0
125.0
94.3
102.2
98.3
181.0
144.5
96.3
108.0
18.0
27.7
28.0
173.0
8.0
10.0
179.6
178.0
15.0
176.0
155.3
68.8
101.0
58.4
14.1
187.0
8.0
20.9
25.0
114.8
171.0
173.0
173.0
359.3
30.0
11.3
52.2
149.0
10.0
154.0
7.0
357.0
38.0
161.3
7.0
89.6
1.0
189.0
79.0
57.0
90.2
95.0
80.0
109.0
125.3
69.0
105.6
25.7
58.0
72.0
84.6
65.0
87.5
86.0
86.2
79.0
87.3
111.8
127.1
71.0
77.9
92.3
124.9
179.1
45.0
163.9
164.1
60.7
169.6
125.0
42.0
32.1
160.0
134.0
175.0
43.0
133.9
15.0
170.0
123.0
90.2
130.0
175.0
183.0
180.0
11.2
115.0
5.1
102.0
39.4
83.3
68.0
121.0
35.9
191.0
186.0
5.0
46.0
155.0
86.0
86.0
123.0
139.0
136.0
134.0
153.0
137.0
106.0
130.0
159.0
105.0
74.0
125.0
120.0
74.0
74.0
45.0
33.0
31.0
157.0
63.0
128.0
112.0
100.0
100.0
99.0
141.0
141.0
91.0
20.0
74.0
162.0
160.0
99.0
135.0
39.0
70.0
147.0
147.0
51.0
78.0
143.0
77.0
53.0
127.0
21.0
82.3
81.2
19.3
175.3
99.7
138.0
28.8
137.0
94.0
45.0
28.7
88.8
138.9
108.4
45.6
6.0
52.1
137.7
23.8
178.0
177.0
22.0
88.8
7.0
46.6
110.1
103.0
121.0
185.3
91.4
87.1
25.0
25.0
26.0
117.2
155.0
97.5
169.9
98.0
120.0
70.2
102.6
134.0
167.0
174.8
91.0
97.0
36.0
122.0
115.9
53.0
12.8
67.2
182.0
38.9
21.0
18.0
157.1
178.4
183.1
52.0
51.0
121.0
159.0
76.0
63.0
148.0
358.0
90.0
360.0
65.0
121.0
78.0
29.0
110.0
169.4
179.3
29.5
9.0
20.8
102.3
10.8
111.0
10.5
22.0
154.0
52.0
143.8
30.6
156.0
171.0
179.0
29.9
184.0
12.0
15.0
84.5
55.8
94.4
151.0
26.1
105.9
128.0
178.3
180.0
55.9
68.0
82.0
129.0
172.0
108.0
180.0
119.0
169.0
151.0
25.8
101.0
64.0
183.0
122.0
55.0
90.0
89.4
179.9
20.5
10.0
10.2
16.0
40.8
19.3
357.8
5.0
14.0
7.0
90.0
360.0
3.0
350.0
61.0
65.0
360.0
97.0
58.0
92.0
99.0
168.0
52.0
13.0
166.0
65.0
95.0
13.0
8.6
99.7
159.0
26.7
127.0
127.0
40.0
174.0
86.0
17.0
148.0
2.0
10.0
39.9
54.0
14.0
50.2
19.8
184.0
31.0
116.0
62.0
12.4
5.0
18.0
103.0
131.0
55.4
61.0
79.0
149.5
117.4
90.0
20.8
58.8
16.0
40.0
41.0
101.6
72.0
174.2
15.6
138.0
11.0
95.0
14.0
6.4
159.7
37.0
82.8
60.0
168.7
73.0
60.0
71.0
70.8
3.0
173.0
16.0
169.1
33.1
2.8
360.0
88.3
150.0
32.9
5.3
359.0
39.9
59.3
132.0
83.4
34.3
34.5
34.3
59.0
64.0
24.0
63.4
98.0
122.0
11.4
165.9
150.4
10.0
39.0
45.1
1.9
37.0
131.9
11.0
144.0
162.2
91.9
98.0
93.2
182.0
56.0
32.0
140.2
46.0
169.0
124.3
134.9
175.3
147.0
20.3
89.7
110.0
90.0
46.0
179.0
90.0
113.0
136.0
99.0
90.0
88.0
11.66
70.0
65.3
55.0
18.0
39.0
179.0
119.0
45.0
116.7
126.1
20.0
104.2
122.6
7.3
71.1
66.0
170.8
45.4
7.0
22.6
31.8
161.7
153.0
166.0
163.1
34.0
128.0
112.0
157.7
174.0
109.0
114.8
18.0
141.0
151.5
94.0
68.0
131.9
56.7
93.0
12.6
17.0
38.0
171.0
20.0
2.1
12.5
169.9
66.0
95.9
200.0
360.0
167.0
161.0
128.0
4.0
122.0
7.0
23.3
90.0
357.9
72.5
359.0
53.0
90.8
17.0
38.9
116.0
56.5
92.9
67.0
3.9
42.0
105.0
93.0
99.7
90.4
47.2
0.8
13.0
142.6
33.0
123.0
36.4
81.7
81.0
50.8
104.1
56.0
116.0
101.6
108.0
92.8
141.5
83.5
353.7
167.6
79.0
94.1
62.0
78.2
74.0
91.4
87.5
47.7
65.7
90.4
76.5
102.2
74.0
28.3
28.0
56.0
33.0
44.8
117.8
70.0
114.5
87.4
85.0
48.8
360.0
55.0
54.7
71.6
31.0
31.0
59.0
78.0
78.0
76.0
88.0
77.0
49.0
58.6
59.0
73.0
76.3
90.6
84.9
56.3
30.0
73.1
96.0
72.0
91.0
12.5
74.9
64.0
51.6
104.0
95.0
86.0
76.0
122.8
165.5
111.0
111.0
102.0
78.9
110.4
36.0
108.0
68.3
171.4
179.0
65.0
63.9
68.0
115.0
117.1
92.8
81.9
17.7
72.5
122.0
89.4
158.2
14.0
39.0
158.0
8.0
38.0
93.0
41.0
45.0
90.0
69.0
91.0
57.3
160.0
130.0
50.3
160.0
135.0
170.0
170.0
130.0
10.0
58.4
75.9
356.3
70.0
125.8
166.3
150.0
95.3
40.0
160.0
144.9
80.0
107.2
89.0
78.3
101.0
78.0
90.3
90.0
182.0
87.5
84.0
69.1
82.9
42.7
67.8
72.0
82.8
76.0
108.0
67.0
90.0
77.0
57.1
89.4
75.0
90.0
45.0
71.3
178.4
101.9
174.1
20.5
30.0
20.0
160.0
10.0
37.9
103.6
91.7
102.2
50.2
96.0
91.0
64.0
68.0
151.0
150.0
170.0
170.0
88.0
145.0
104.0
150.0
178.0
184.0
183.0
129.0
28.0
179.0
94.1
90.0
61.0
103.0
122.0
71.0
160.0
16.0
170.0
20.0
102.0
83.0
70.0
152.0
155.0
189.0
12.0
90.0
89.6
100.6
143.8
40.0
88.1
88.0
81.0
56.0
52.5
45.0
32.0
66.0
137.0
80.0
125.0
114.6
106.7
51.7
58.4
52.0
130.6
130.7
42.8
23.5
84.1
123.0
123.0
149.9
135.0
91.0
156.8
180.0
58.6
88.2
138.0
179.4
167.0
179.0
128.0
151.0
137.3
137.3
74.0
60.3
186.1
130.7
24.0
32.8
90.0
29.6
36.9
68.9
163.7
56.0
7.7
172.0
151.2
110.2
91.2
140.3
102.2
94.6
142.7
136.0
81.0
130.7
122.6
133.0
136.0
168.3
42.0
42.0
14.0
22.0
93.2
166.9
118.1
157.2
157.0
120.0
0.7
50.5
60.9
61.1
146.6
100.5
101.0
114.8
113.6
83.0
78.0
135.0
173.0
138.8
183.0
183.0
21.1
111.9
95.0
90.0
23.2
186.0
13.0
73.0
90.4
149.6
86.0
154.5
166.1
104.0
136.0
152.9
56.1
118.0
104.4
103.0
50.9
51.0
75.4
156.0
182.0
96.5
106.4
106.4
30.0
146.0
18.0
18.4
23.0
42.0
113.9
112.0
62.2
66.0
88.9
178.0
138.0
139.0
136.6
26.0
25.0
25.0
67.2
25.0
26.0
53.6
55.2
134.0
113.1
87.0
81.0
170.0
77.1
76.9
164.6
14.0
25.0
64.9
32.0
42.3
14.0
53.0
53.0
148.7
147.8
122.0
63.4
102.0
96.0
76.0
54.0
104.0
22.0
58.0
96.0
121.0
98.0
97.5
64.0
84.0
120.0
120.0
180.0
135.5
10.0
122.0
169.0
180.0
179.0
135.0
107.0
225.0
167.0
91.0
20.0
83.1
144.2
137.0
153.0
88.0
78.8
36.0
47.0
93.3
180.0
62.0
120.0
160.0
175.0
15.6
86.6
90.0
185.4
172.2
170.0
168.0
90.0
90.0
106.0
10.0
30.0
170.0
0.0
180.0
170.0
74.0
92.0
74.0
140.0
90.0
133.9
34.0
33.0
89.9
143.1
130.0
50.0
90.0
140.0
180.0
145.7
88.0
20.0
90.0
96.1
154.1
124.5
45.9
133.0
180.0
90.0
90.8
153.2
180.0
128.5
129.5
98.0
134.0
105.0
37.7
53.8
90.0
159.0
85.3
83.8
88.3
170.5
174.0
27.0
103.0
72.0
125.2
89.0
79.0
183.3
90.2
164.0
59.0
145.0
42.0
180.0
187.6
50.9
26.0
81.9
108.6
187.3
30.4
124.3
55.0
162.0
18.3
30.7
72.3
179.6
172.0
168.2
38.0
179.0
67.0
47.0
100.4
43.0
88.0
176.0
47.0
91.0
177.0
45.0
90.0
139.0
182.0
180.0
165.0
46.3
155.0
45.0
85.5
176.0
179.0
88.6
134.0
22.4
172.0
41.0
101.4
44.5
180.0
72.3
90.0
179.0
160.0
84.1
90.0
155.0
164.8
71.0
92.0
150.0
175.3
115.0
16.0
159.2
170.0
187.0
182.0
94.4
180.0
154.2
23.0
88.0
10.0
100.0
136.1
53.9
70.0
100.0
83.0
98.0
149.0
355.0
146.7
50.0
113.0
80.0
7.0
155.0
56.0
58.0
91.0
82.0
110.0
167.0
90.0
180.0
180.0
90.0
96.0
90.0
88.0
25.0
165.0
10.0
88.1
26.0
20.0
120.0
182.0
50.0
59.0
23.0
180.0
180.0
51.0
116.0
90.0
90.0
65.0
180.0
180.0
90.0
168.0
180.0
59.0
105.0
179.0
42.0
92.0
180.0
6.0
175.0
36.0
90.0
163.0
116.0
29.0
76.0
160.0
78.0
180.0
160.0
74.0
98.0
94.0
118.0
9.0
90.0
90.0
91.0
80.0
90.7
180.6
179.0
7.0
9.0
182.0
187.0
135.0
88.0
135.0
45.0
167.0
90.0
176.0
178.0
146.0
12.0
163.0
120.0
31.0
17.0
90.0
29.0
360.0
88.0
29.0
197.0
138.0
80.0
91.0
161.0
90.0
85.0
183.0
120.6
14.0
180.0
90.0
203.0
90.0
180.0
75.0
21.0
6.0
151.0
141.7
45.0
142.0
354.6
129.9
77.0
137.0
68.0
140.0
58.0
149.0
177.0
166.0
91.0
94.0
30.0
24.8
28.0
184.0
151.0
101.0
8.3
175.4
44.0
179.0
60.0
180.0
182.9
45.6
134.8
25.6
119.9
43.0
32.9
155.7
118.0
87.0
19.0
182.0
129.0
89.0
100.0
95.0
81.0
103.6
16.0
61.4
75.4
161.0
48.0
73.0
136.0
88.0
42.2
46.0
189.9
25.0
89.7
90.1
94.1
90.0
47.8
134.8
80.0
130.5
157.8
6.1
139.4
153.3
109.1
127.8
21.8
34.8
44.2
183.1
131.4
24.0
112.0
119.0
119.0
169.2
167.0
178.4
178.4
90.0
90.0
126.0
90.0
16.7
82.0
108.0
46.0
184.0
49.0
76.0
155.0
27.0
139.5
10.0
163.9
76.9
183.0
153.0
97.0
75.0
91.0
82.0
76.0
76.0
172.0
146.0
146.0
146.0
63.4
64.0
64.0
64.0
74.6
117.0
117.0
124.0
131.0
142.0
12.0
57.0
22.0
67.9
159.4
191.0
191.0
12.0
126.0
124.4
34.0
47.2
71.8
72.7
19.0
18.0
89.9
16.5
77.0
76.7
172.0
33.0
81.0
28.7
60.0
152.3
151.0
151.0
49.0
148.0
58.0
84.0
113.0
90.2
69.0
18.6
182.0
79.1
140.3
84.3
44.1
63.6
70.0
173.0
172.0
60.1
81.5
96.0
139.9
143.0
51.7
131.0
116.4
111.4
44.0
77.0
79.7
79.6
45.0
103.3
89.0
89.0
134.2
45.2
79.0
44.0
55.2
117.6
67.9
25.3
94.1
52.7
141.0
82.8
65.1
58.5
89.0
61.0
116.0
50.0
13.4
70.0
50.3
51.0
99.0
84.0
143.4
85.0
94.0
134.0
88.0
43.0
47.0
58.0
89.0
145.0
43.0
82.0
61.0
37.0
46.3
61.4
33.3
65.0
69.7
108.3
39.4
59.3
41.0
68.8
69.0
182.3
45.8
19.0
27.6
149.8
179.9
96.6
88.1
35.0
58.6
112.8
105.9
106.2
88.6
42.1
104.0
127.2
120.0
104.0
53.5
184.0
7.0
181.0
39.0
130.8
93.0
51.4
143.9
168.0
49.7
6.2
6.2
44.5
72.0
98.0
172.5
113.1
22.8
103.7
148.3
34.6
63.0
81.0
44.0
26.7
57.0
171.4
42.6
45.4
118.0
105.0
1.2
149.0
17.0
68.3
89.8
130.2
89.3
44.0
31.3
48.0
96.0
183.4
152.0
173.9
169.0
48.4
144.0
154.0
157.5
170.1
159.6
113.0
164.4
71.0
74.0
70.9
111.0
89.0
133.5
50.3
107.0
22.0
137.0
104.0
110.3
156.0
47.0
92.3
84.3
157.8
160.5
108.2
45.8
116.1
64.0
119.0
122.0
122.0
157.6
124.0
133.0
45.0
92.0
158.8
130.7
118.0
112.0
114.1
88.9
125.0
142.5
79.7
92.0
105.0
103.0
103.0
90.3
147.5
60.8
120.0
131.0
146.3
44.8
84.0
144.1
43.0
177.0
102.0
76.0
119.0
59.2
71.8
68.5
89.0
9.2
149.0
98.0
90.0
52.9
146.1
90.0
136.0
108.0
20.3
178.8
156.2
61.2
147.0
139.1
39.3
76.5
135.3
72.0
158.8
160.2
79.0
119.5
99.0
100.6
90.0
21.6
60.0
80.9
39.1
11.9
92.2
163.3
59.5
47.0
88.7
59.0
35.4
85.0
123.0
92.0
18.0
78.2
79.0
46.0
129.0
167.0
87.9
101.0
108.4
20.0
99.4
99.5
79.0
85.0
90.0
90.0
88.8
135.0
86.2
126.5
89.0
69.0
117.6
87.9
36.0
68.0
93.0
54.0
34.0
48.9
66.0
136.0
101.0
81.0
85.6
149.0
136.0
43.1
119.2
90.6
118.25
151.0
123.7
99.0
27.0
25.4
179.0
155.2
29.0
29.0
9.0
58.0
172.3
30.0
46.8
96.0
160.3
51.1
77.6
179.0
14.0
14.0
14.0
185.0
50.0
180.0
107.0
175.4
20.7
6.0
29.0
180.0
159.7
181.3
7.9
89.1
53.1
181.0
144.0
90.3
47.5
173.8
44.2
23.0
60.1
6.0
140.6
134.8
86.0
174.5
173.0
84.5
24.0
83.0
80.9
117.0
45.0
7.5
32.9
16.8
62.1
35.1
61.3
166.6
51.5
182.5
144.8
7.0
88.3
86.3
46.8
90.9
135.0
72.0
19.0
111.0
60.0
156.0
114.0
172.0
172.0
23.9
67.3
107.0
107.1
93.1
146.7
91.0
96.0
46.7
32.0
30.0
29.9
69.0
69.0
173.0
9.2
181.9
25.0
180.0
148.1
166.0
10.0
8.1
157.0
160.6
120.9
93.0
179.9
17.8
4.0
4.4
182.7
170.5
182.5
38.2
35.0
115.9
123.0
180.0
27.0
157.1
31.0
64.0
174.1
65.0
6.6
104.0
20.0
37.6
180.2
40.0
33.1
170.0
92.0
156.0
103.0
356.0
79.0
90.0
126.0
143.3
91.0
26.9
132.0
153.0
29.0
130.5
123.0
109.4
121.9
138.0
88.0
141.35
127.0
140.5
99.4
151.4
81.3
141.0
89.0
155.6
18.8
33.0
35.0
159.2
133.0
78.0
135.8
127.0
21.0
160.4
29.0
67.0
10.2
56.0
34.0
78.9
38.1
69.4
97.0
150.4
181.9
20.0
91.0
117.3
132.6
60.1
100.4
133.0
128.95
41.0
92.3
45.1
13.8
166.0
166.3
175.9
175.8
87.8
88.1
125.7
77.6
99.3
130.0
125.5
97.0
11.0
184.0
23.0
178.0
94.0
51.1
88.9
94.5
33.0
172.0
109.0
76.0
125.2
153.0
40.8
124.5
125.0
79.6
64.0
167.8
68.0
36.8
103.0
25.0
130.3
115.8
23.0
146.0
81.0
58.2
35.0
31.1
48.5
90.0
177.6
180.0
178.5
114.4
141.6
97.0
90.3
105.5
31.2
178.5
9.8
182.0
29.8
99.0
43.8
43.6
119.6
109.0
40.8
147.7
72.3
42.0
181.1
180.2
43.2
143.3
65.5
184.0
68.3
68.3
140.0
62.0
92.3
113.0
46.7
93.0
124.2
146.0
176.0
99.4
171.7
182.2
157.7
106.0
130.0
151.7
165.0
133.4
29.0
113.0
32.2
155.0
89.8
154.7
97.4
168.3
49.0
26.0
82.0
42.5
184.0
100.0
183.0
163.0
34.9
35.1
41.4
160.0
145.9
146.0
146.0
34.0
30.07
45.0
42.2
149.7
178.0
171.0
28.0
116.0
167.4
77.2
142.0
39.3
37.0
34.0
108.8
120.0
80.0
109.0
179.0
42.8
47.0
22.9
9.6
185.0
184.7
33.0
23.0
23.0
23.0
199.0
120.0
51.1
83.0
84.0
97.4
162.3
178.0
98.2
186.2
126.0
146.0
176.0
177.5
45.0
87.0
116.0
100.0
160.0
136.0
80.0
150.0
140.0
175.4
174.1
135.0
170.0
148.0
45.0
134.0
46.0
73.0
30.0
80.0
140.0
180.0
128.0
54.0
159.0
55.0
125.0
21.0
58.0
97.0
161.0
130.0
22.0
115.1
51.0
51.0
107.0
103.0
17.0
139.0
120.0
178.0
27.0
27.0
147.0
150.0
184.0
67.0
128.0
126.0
156.0
137.0
182.0
61.0
182.0
133.0
40.0
149.0
56.0
143.0
143.0
110.0
145.0
52.0
98.0
64.0
188.0
42.0
132.0
60.0
94.0
60.0
175.0
26.0
62.0
135.0
189.0
124.0
169.0
57.9
148.0
74.0
55.0
145.0
55.0
99.6
145.0
98.0
100.0
150.0
67.0
115.0
52.5
159.0
23.0
105.0
88.0
186.0
36.0
103.0
124.9
142.0
194.0
91.0
176.0
150.0
24.0
74.0
187.0
110.0
69.0
148.0
60.0
109.0
129.0
161.0
167.0
88.4
124.0
133.0
27.0
43.0
180.0
105.0
55.0
175.0
29.0
123.0
108.0
135.0
156.0
48.0
149.0
39.0
142.0
68.0
128.0
25.0
105.0
111.0
173.0
90.0
182.0
41.0
107.0
176.5
17.0
62.9
111.0
111.0
27.0
160.0
68.0
130.0
99.0
186.3
54.0
129.0
141.7
113.1
150.0
193.0
55.0
145.0
72.0
111.0
174.0
45.4
135.4
73.3
174.1
41.0
162.0
49.6
140.2
20.9
56.0
111.0
66.0
142.0
120.0
98.0
188.0
76.0
156.0
146.0
58.5
178.0
99.0
15.0
71.0
152.0
28.0
111.0
186.0
279.0
99.0
94.0
180.0
18.0
22.0
67.1
131.0
123.0
183.0
42.0
131.5
18.0
80.0
143.0
186.0
75.0
110.0
48.0
92.0
105.9
154.0
46.0
100.0
65.8
189.0
60.9
36.0
148.0
44.0
155.0
119.0
85.0
140.0
44.0
86.0
71.9
151.4
113.0
180.0
119.1
21.0
91.0
90.0
180.0
66.0
127.0
35.0
141.0
58.0
148.1
51.3
170.0
97.8
173.1
95.0
94.1
166.1
107.0
181.0
52.0
130.0
116.0
59.0
149.0
74.0
115.0
185.0
33.0
134.0
114.0
54.0
170.0
120.0
65.0
168.0
22.0
67.0
157.0
112.7
30.0
121.0
47.0
188.0
37.0
133.0
85.4
125.0
157.0
39.6
48.0
110.0
47.0
93.0
100.0
70.0
157.0
45.0
97.0
120.0
187.0
81.0
108.0
68.0
174.0
85.3
52.0
171.0
124.0
85.0
139.0
88.0
177.0
34.0
54.0
99.0
116.0
148.6
19.4
128.4
18.9
135.0
56.0
69.0
102.0
186.0
113.0
117.0
147.0
146.0
196.0
47.0
142.0
142.0
176.0
176.0
33.8
94.0
171.0
113.0
62.0
94.3
114.0
55.0
189.0
36.0
161.0
17.0
58.0
49.0
90.0
175.0
171.0
57.0
192.0
98.0
135.0
170.2
45.0
48.0
93.0
129.0
174.0
53.0
144.0
95.0
193.0
115.0
103.0
187.0
59.0
137.0
27.0
84.0
54.0
121.0
58.9
138.6
146.0
151.0
56.0
59.0
193.0
119.0
64.0
127.0
52.0
125.0
50.0
123.0
159.0
142.7
65.0
149.0
109.0
180.0
45.0
174.0
173.0
48.0
189.0
130.0
41.0
90.0
180.0
54.0
54.0
114.0
83.0
110.0
185.0
55.0
124.0
161.0
119.0
17.0
58.0
154.0
184.0
150.6
30.0
114.0
87.0
177.0
138.0
183.0
28.0
28.0
85.0
85.0
14.0
59.0
139.0
125.0
186.0
175.0
65.0
140.0
95.0
195.0
180.0
32.0
74.0
185.0
98.0
92.0
102.0
192.0
91.0
124.0
124.0
124.0
8.0
170.0
130.0
180.0
65.0
111.0
124.1
53.0
118.0
120.0
178.0
94.0
169.0
98.0
191.0
69.0
113.0
129.0
50.0
122.0
45.0
95.0
91.0
25.0
107.0
74.0
168.0
168.0
97.0
187.0
73.0
133.0
133.0
188.0
62.0
125.0
49.0
92.0
156.0
104.0
115.0
185.0
141.0
121.0
62.0
99.0
189.0
51.0
141.0
30.0
161.0
145.2
182.0
111.0
140.0
73.4
119.0
98.0
188.0
45.0
138.0
120.2
72.0
117.0
49.0
138.0
185.0
37.8
98.2
101.1
50.0
98.0
188.0
54.0
175.0
151.5
86.0
176.0
24.0
86.0
58.0
191.0
130.0
34.0
147.0
42.0
100.0
57.0
100.0
146.0
60.0
149.0
75.0
144.0
13.0
42.0
99.0
124.0
186.0
65.0
99.0
127.1
15.0
22.0
117.0
150.0
357.0
60.0
45.0
12.0
39.0
56.0
64.0
20.0
2.0
7.0
13.0
92.0
110.0
36.0
353.0
173.0
173.0
353.0
128.0
72.0
72.7
83.8
130.0
65.0
147.4
154.0
155.0
12.0
127.0
11.0
14.0
14.0
14.0
177.0
177.0
5.0
47.0
108.0
40.0
155.0
155.0
116.0
112.0
42.0
46.0
90.0
82.2
34.0
0.7
163.0
177.0
49.0
156.7
156.5
172.1
112.2
105.0
26.5
157.3
158.1
102.2
144.0
136.0
145.0
160.0
39.3
39.0
53.0
23.0
30.0
63.0
63.0
360.0
123.0
58.0
58.0
135.0
162.0
162.0
162.0
162.0
34.0
176.0
176.0
18.5
20.0
90.0
17.0
19.0
17.0
10.0
163.0
89.0
24.0
24.0
178.4
83.0
85.9
110.0
73.6
48.8
39.0
48.1
25.9
157.5
95.6
49.0
81.7
