270.0
250.0
230.0
270.0
298.0
246.0
336.5
263.0
188.0
340.0
221.0
292.2
270.0
242.0
273.9
357.0
300.0
270.0
334.0
190.0
220.6
168.0
199.0
271.0
271.0
220.0
320.0
350.0
216.0
310.3
360.0
355.0
206.5
189.9
196.9
336.0
290.0
206.7
1.0
294.0
313.0
349.0
225.0
217.5
317.0
271.9
16.0
228.0
215.6
315.0
356.0
281.3
326.0
255.0
301.0
286.4
283.9
287.0
271.0
255.0
340.0
299.0
337.1
241.6
264.9
205.0
192.0
180.0
299.1
297.0
223.0
182.7
199.0
287.0
205.0
357.0
203.0
203.0
269.0
205.7
360.0
189.0
360.0
273.1
356.0
359.0
341.0
330.0
321.0
351.0
354.0
224.0
269.0
334.5
218.7
291.0
296.3
270.0
240.6
329.0
240.3
349.0
268.0
284.0
357.4
268.0
327.7
314.0
276.0
216.0
1.0
289.0
252.0
268.0
277.0
26.0
339.0
336.0
307.1
314.0
270.0
358.0
303.0
320.0
278.2
297.0
5.0
205.0
302.0
0.4
265.0
260.0
358.4
320.0
294.0
265.0
306.0
267.0
8.0
326.0
242.9
305.0
227.0
270.0
272.0
313.0
289.0
340.0
353.0
291.0
276.0
240.0
202.0
251.0
309.0
342.0
207.4
319.6
186.0
199.0
210.0
4.0
357.0
224.0
238.0
268.8
5.0
341.0
235.0
270.0
272.0
311.7
229.0
0.0
349.0
254.0
335.0
282.0
316.0
337.0
359.0
260.7
301.0
228.1
228.0
323.2
245.2
242.0
222.5
316.5
235.6
277.0
249.0
217.8
238.0
266.0
185.0
240.0
7.0
319.0
306.0
229.0
270.0
307.4
263.3
306.6
259.1
305.0
285.0
299.2
261.3
350.0
270.0
330.0
238.0
342.0
233.0
292.2
338.0
308.0
316.9
311.1
223.7
344.6
302.0
175.8
234.0
252.4
318.7
243.0
212.9
269.0
360.0
239.1
227.0
219.1
3.0
180.0
175.5
251.7
241.0
333.0
359.9
201.0
280.0
3.0
355.0
251.3
197.0
198.5
298.0
254.1
314.2
318.0
241.1
323.0
350.1
329.0
200.0
276.0
354.3
316.8
259.4
349.0
224.1
360.0
262.0
250.0
321.0
258.0
319.0
347.0
285.5
341.2
260.7
326.0
253.0
299.0
336.2
275.8
216.0
307.0
305.0
243.0
270.0
201.1
221.3
292.0
294.0
279.0
262.0
309.0
1.0
345.1
336.2
242.0
243.3
329.3
211.0
350.0
205.9
205.4
212.0
338.5
244.7
298.3
299.5
237.0
189.3
258.9
223.9
285.0
360.0
282.0
252.0
234.8
265.9
270.0
336.1
272.0
266.0
270.0
319.2
356.0
229.2
309.3
262.0
286.2
214.2
314.7
328.3
229.3
284.5
282.6
0.9
360.0
353.0
308.0
316.0
1.0
207.0
355.0
233.0
295.4
231.0
306.7
355.1
262.5
233.0
272.0
202.0
223.9
271.0
340.0
186.9
316.0
339.0
256.0
255.6
240.0
360.0
302.4
231.0
189.0
198.0
325.0
233.0
229.0
359.0
359.0
302.0
323.1
215.0
233.0
225.0
200.0
192.0
243.2
210.0
222.0
204.0
226.8
220.0
356.4
225.0
257.0
267.0
273.0
277.0
298.0
306.0
201.8
354.0
214.0
260.0
225.0
244.0
257.0
301.0
247.0
248.0
228.4
221.0
271.0
285.6
268.0
359.0
229.0
229.0
268.0
11.0
252.7
283.7
353.0
214.0
214.1
244.0
317.5
317.5
279.0
265.7
182.0
182.0
273.0
273.0
232.0
266.0
212.0
273.0
293.0
241.0
228.1
261.0
238.6
192.0
334.0
277.0
301.0
360.0
240.0
275.0
262.0
324.0
314.0
333.0
270.0
268.9
267.0
292.3
235.0
345.0
345.0
210.0
327.0
212.0
215.0
358.0
340.0
233.0
279.0
269.0
270.0
350.0
253.0
196.0
302.0
342.0
265.9
191.0
291.0
293.0
348.0
327.0
334.1
227.0
284.0
2.0
272.0
304.0
221.0
181.0
312.0
5.0
293.0
197.0
217.0
309.0
245.0
215.0
197.0
310.0
234.8
7.0
226.0
355.3
333.0
231.1
251.0
216.0
270.2
240.2
294.0
217.0
270.0
193.0
252.0
210.0
268.3
296.8
277.0
266.4
310.0
228.0
173.0
300.5
207.0
268.0
305.0
206.0
257.7
270.0
270.0
234.0
281.2
321.0
237.8
257.6
321.6
247.8
262.0
221.0
321.0
317.7
271.0
217.0
208.0
257.9
227.0
330.1
320.0
323.5
307.0
226.0
359.0
290.3
238.6
299.0
253.0
292.0
281.0
281.0
227.0
223.7
230.0
330.9
239.8
198.0
1.0
196.0
306.0
211.7
355.5
256.0
300.0
269.7
202.9
233.0
224.0
221.3
283.4
331.0
271.0
221.0
221.0
212.0
276.0
243.0
202.0
235.4
215.0
229.0
266.0
243.0
221.0
215.0
280.3
221.0
221.0
259.0
253.0
315.0
269.4
269.0
293.7
319.4
170.0
297.9
263.3
263.3
298.0
301.2
224.0
196.0
180.0
203.0
6.0
245.0
249.0
360.0
355.5
307.0
334.0
313.8
359.1
211.0
319.0
359.0
304.0
260.0
302.0
342.0
194.0
360.0
270.3
271.0
311.0
346.0
296.0
294.8
331.6
245.0
328.0
4.6
294.0
326.0
263.1
196.9
186.0
285.3
193.1
239.0
353.0
360.0
213.7
333.0
301.0
318.0
283.2
309.6
205.6
1.0
337.7
316.5
293.0
293.0
293.0
293.0
331.0
298.2
332.5
256.0
323.0
265.0
271.0
281.6
278.0
254.2
257.8
269.0
0.0
273.0
321.0
243.0
317.0
302.0
326.1
357.0
11.0
279.0
273.0
337.3
166.6
224.0
268.0
229.0
276.0
288.0
172.0
217.0
338.0
307.0
354.0
221.8
194.0
313.0
346.0
179.0
188.0
234.0
284.0
184.0
227.0
227.0
270.0
226.0
203.0
252.0
273.0
337.0
340.0
265.0
325.0
244.0
217.0
179.0
298.0
333.0
220.0
306.0
336.0
231.0
321.0
171.0
229.0
333.0
344.0
208.0
251.0
237.0
189.0
304.0
172.0
251.0
317.0
210.0
270.0
1.0
2.0
360.0
327.0
356.0
323.0
270.0
232.0
212.0
320.6
360.0
265.0
270.4
270.5
285.7
307.0
235.0
263.0
343.0
312.0
223.0
252.0
312.0
270.0
288.0
213.7
208.0
203.0
187.0
269.0
220.0
280.0
227.0
211.0
300.0
246.0
235.0
347.6
205.0
233.0
340.1
339.9
185.0
251.0
184.7
225.8
5.0
269.0
336.0
304.1
305.0
329.0
226.0
295.0
233.8
226.0
292.9
342.0
324.0
318.0
254.0
260.1
341.1
265.0
261.0
338.0
196.0
278.0
245.0
288.0
256.0
244.0
321.0
238.0
286.0
226.2
353.0
253.1
282.0
277.1
310.0
276.0
344.3
360.0
301.0
200.0
246.0
325.7
245.0
275.0
310.0
261.0
228.8
226.0
261.2
208.0
332.6
202.0
202.0
181.0
5.0
345.0
239.0
207.8
234.0
277.1
5.8
202.7
212.0
344.0
199.0
197.0
360.0
353.0
234.4
208.0
352.6
239.0
212.4
194.0
178.0
1.0
229.0
310.0
264.0
230.8
199.0
202.0
234.0
327.0
301.0
274.0
340.0
332.0
305.0
276.0
295.0
235.0
227.0
345.0
317.0
341.0
337.0
332.0
270.1
326.0
273.0
197.4
271.0
338.8
342.0
310.0
322.6
189.0
342.5
286.5
345.0
329.3
304.0
298.0
240.0
350.9
254.3
303.0
191.0
259.0
234.0
308.0
239.8
255.7
358.9
348.0
219.4
352.0
270.0
360.0
252.0
267.0
359.0
298.0
0.0
197.0
224.0
299.0
242.0
340.0
316.2
219.0
360.0
282.0
360.0
274.0
219.0
329.0
0.0
360.0
318.0
239.0
228.9
360.0
310.0
222.0
338.1
212.3
316.0
314.0
225.0
1.0
2.0
355.0
359.0
308.8
275.0
238.9
248.0
219.0
360.0
0.0
243.0
281.1
234.0
340.0
214.0
345.0
260.0
10.9
222.0
344.3
319.0
323.0
296.0
343.4
276.1
237.7
216.6
237.6
321.1
275.6
322.4
247.1
360.0
323.0
270.0
8.0
230.0
0.5
248.2
300.0
352.3
285.5
296.0
259.5
188.1
197.7
219.2
210.4
355.0
312.0
360.0
338.8
323.7
199.0
346.0
284.0
233.2
304.5
257.0
177.0
272.0
303.5
271.4
360.0
209.0
201.3
343.0
358.0
260.0
236.5
276.6
357.2
193.0
230.0
333.9
251.8
324.0
303.0
359.0
263.6
293.1
220.0
311.0
360.0
360.0
286.0
190.0
2.0
191.1
272.5
228.0
276.0
270.0
10.0
354.0
358.0
305.4
320.0
313.0
360.0
322.0
304.0
306.0
279.0
356.8
208.5
344.6
168.1
250.0
311.0
259.0
360.0
322.3
360.0
1.0
315.0
318.0
346.5
240.0
240.0
272.0
360.0
216.0
315.0
257.6
219.0
297.3
0.2
330.0
253.0
303.2
225.8
268.0
322.0
238.6
229.8
358.0
9.0
337.2
286.4
322.8
269.0
197.0
244.0
265.9
289.0
240.0
215.0
260.0
225.0
243.0
360.0
5.7
269.0
0.6
316.0
190.5
270.2
270.0
271.0
237.0
244.0
318.2
317.0
270.0
355.0
304.0
270.0
359.8
187.0
217.5
355.0
283.6
314.9
270.0
322.0
326.0
236.3
330.0
309.0
262.7
357.6
226.9
315.0
217.3
319.7
189.0
325.0
357.5
190.0
232.0
220.0
309.0
322.4
360.0
246.0
271.0
1.1
243.0
0.6
228.0
203.2
360.0
333.0
360.0
356.0
276.0
228.0
318.0
233.0
196.9
280.0
1.0
360.0
270.0
269.0
280.0
349.0
306.0
351.0
360.0
0.3
259.0
3.0
296.0
270.2
8.0
270.0
300.0
340.0
357.5
340.0
201.0
240.0
360.0
232.0
283.7
344.7
347.0
261.1
333.0
180.7
342.0
340.0
222.0
360.0
5.0
242.0
304.1
287.0
209.0
274.0
300.0
263.2
266.0
263.8
326.1
238.0
0.2
341.8
255.0
9.0
315.0
294.0
270.0
341.0
353.3
259.0
183.5
316.1
4.3
360.0
270.0
325.0
187.0
257.0
214.0
221.6
203.1
360.0
360.0
268.3
254.0
259.5
271.0
359.8
312.0
319.0
360.0
304.0
248.1
314.9
185.0
342.1
205.0
322.0
347.0
223.1
328.3
313.0
360.0
353.4
254.1
360.0
211.3
333.0
340.0
7.0
195.3
194.0
200.8
234.0
312.8
346.0
270.0
303.0
2.0
343.2
269.0
277.1
306.0
222.0
8.0
194.3
314.0
307.0
330.0
326.1
321.0
7.0
170.0
12.9
247.7
278.0
245.0
360.0
328.4
279.0
206.0
225.0
309.0
3.0
197.4
226.0
271.0
350.0
194.2
329.2
332.7
315.0
226.0
0.4
340.0
328.0
286.0
275.4
328.1
290.0
348.0
360.0
201.0
268.0
269.3
359.3
263.0
240.3
202.0
268.0
330.6
220.6
0.0
310.9
196.8
178.2
269.0
293.3
308.0
228.0
211.5
256.4
271.0
358.0
0.3
15.0
275.0
225.9
316.0
250.6
284.0
317.0
290.9
20.7
224.0
224.0
208.4
360.0
270.0
16.0
317.5
224.0
1.2
225.0
360.0
281.0
359.5
303.0
181.2
310.6
336.0
270.0
333.2
352.0
270.0
204.0
225.0
213.0
274.2
224.6
308.3
210.0
0.0
5.0
208.0
270.1
235.9
332.1
341.3
183.0
225.0
229.1
0.1
251.1
260.0
360.0
179.0
224.0
315.0
270.0
225.0
11.0
217.0
11.0
223.9
206.0
315.0
316.0
330.0
315.5
237.5
309.3
252.0
219.9
358.4
267.8
323.3
359.6
223.9
277.0
1.0
237.9
329.5
359.9
180.9
274.0
356.9
0.2
202.0
316.6
344.3
340.4
329.3
285.0
200.0
257.0
1.9
272.5
202.0
315.4
202.0
269.0
309.0
313.0
1.0
223.8
1.9
270.9
339.0
353.0
322.7
304.0
329.0
354.0
245.0
258.0
248.0
258.9
280.0
228.0
218.0
251.1
240.6
9.0
230.0
354.0
311.0
269.0
298.0
270.1
310.2
232.0
2.0
314.0
312.0
322.0
333.0
349.0
191.0
341.6
188.4
276.8
8.2
314.7
215.0
360.0
359.4
332.0
232.0
213.0
205.6
327.4
215.4
208.0
275.0
301.0
335.0
353.3
303.5
330.0
346.2
325.0
287.0
250.0
358.9
250.0
355.0
187.4
326.0
230.0
229.9
273.3
268.0
317.0
358.0
270.6
274.2
274.2
359.4
310.8
195.0
281.7
273.2
269.4
309.9
270.0
7.0
357.5
232.3
200.0
289.0
335.0
222.1
270.0
223.9
313.9
274.0
151.0
130.0
238.0
79.0
79.0
347.0
269.0
253.0
206.0
228.0
215.6
315.0
356.0
356.0
281.3
218.1
313.0
326.0
339.6
304.9
209.0
255.0
265.0
301.0
352.8
341.0
275.0
328.4
322.0
286.0
323.0
310.0
319.0
283.9
32.0
262.6
0.2
226.1
225.0
359.1
325.1
231.6
354.0
335.0
0.1
253.5
244.0
332.0
314.0
307.0
270.0
221.0
225.6
225.0
315.0
335.0
269.0
354.6
325.5
287.0
259.0
251.1
296.6
183.0
315.3
317.5
314.0
334.0
255.0
309.0
231.0
330.0
312.0
315.1
298.0
221.0
323.0
211.4
190.0
250.0
284.8
290.3
293.0
266.3
275.0
251.7
282.6
294.2
278.2
347.2
203.2
216.9
281.2
338.0
236.4
299.0
221.0
337.0
199.0
241.6
283.0
265.0
357.0
175.0
208.0
205.0
340.0
348.0
192.0
242.0
194.0
284.0
171.0
299.1
175.0
226.0
297.0
223.0
183.0
199.0
290.0
356.0
266.0
260.0
318.0
270.0
306.0
267.0
274.0
238.0
202.0
180.0
179.0
302.0
270.0
180.0
270.0
327.9
341.7
256.4
306.5
240.0
264.0
317.0
191.7
310.3
283.0
273.2
236.0
218.0
304.0
322.0
215.0
187.0
354.0
270.0
288.1
331.0
257.0
196.3
256.0
305.0
265.0
287.0
315.0
206.0
322.7
287.0
205.0
360.0
360.0
269.0
5.0
203.0
239.1
359.1
229.0
263.0
297.0
360.0
294.7
360.0
270.5
225.0
229.0
175.0
262.0
335.0
257.0
306.0
192.0
332.0
206.0
119.0
304.0
180.0
247.0
216.6
218.7
260.0
284.0
323.0
190.0
253.0
275.7
235.6
213.0
322.0
286.0
318.2
360.0
314.0
0.5
248.0
360.0
0.3
297.8
225.0
228.0
260.0
330.4
270.0
230.0
201.4
243.9
315.4
211.5
338.6
268.0
317.5
231.6
234.0
2.0
328.0
242.4
209.2
344.3
183.2
292.8
194.0
276.0
314.9
315.0
216.0
217.0
214.0
270.0
315.0
352.0
217.0
312.0
349.0
0.3
320.0
360.0
1.0
322.0
209.0
209.0
1.0
228.0
350.0
359.0
237.0
341.0
348.3
261.5
326.9
267.0
280.0
289.0
330.0
270.0
321.0
223.0
306.8
20.0
235.0
264.2
360.0
351.0
331.0
270.2
224.0
269.0
360.0
315.3
213.0
283.7
307.8
177.0
227.0
344.0
238.0
270.0
222.0
266.0
221.0
207.0
255.5
319.0
339.0
299.9
252.0
257.0
200.0
249.9
309.8
234.0
280.0
225.0
360.0
331.6
318.0
266.0
0.3
352.8
333.2
270.0
229.1
216.1
220.5
348.8
347.5
348.9
318.3
1.1
251.9
199.7
306.8
225.0
318.0
302.0
345.0
270.0
309.0
344.0
251.1
347.0
336.0
210.4
208.3
240.9
197.5
281.1
199.3
269.0
355.5
202.7
241.7
278.0
349.0
209.0
290.6
285.0
340.2
223.3
296.0
253.1
275.0
211.9
261.0
239.2
296.3
270.0
243.0
239.0
272.0
219.0
240.6
340.6
244.0
329.0
222.0
268.4
246.0
240.3
297.3
317.5
359.3
360.0
360.0
358.9
300.0
359.0
323.0
313.8
268.0
228.0
288.0
345.0
270.0
312.0
219.0
314.0
349.0
268.0
270.0
242.0
298.0
360.0
304.0
312.0
260.0
339.0
270.0
270.0
334.0
328.0
341.0
298.0
285.0
333.0
309.0
270.0
327.7
297.0
275.0
314.0
254.0
276.0
282.0
246.0
231.0
308.0
330.0
306.0
216.0
252.0
337.0
307.6
268.0
333.0
270.6
319.0
358.0
270.0
238.0
254.0
348.0
219.0
300.0
257.0
238.0
231.6
286.4
358.3
330.0
271.0
210.3
314.0
288.0
252.3
312.4
338.0
334.0
270.0
358.0
303.0
268.0
270.0
360.0
269.0
292.0
253.0
5.0
205.0
302.0
302.0
0.4
315.0
230.8
328.0
354.4
327.0
270.0
267.5
329.2
270.0
323.0
360.0
270.0
320.0
284.0
217.0
306.0
319.0
255.0
359.0
288.0
270.0
276.0
5.0
209.6
267.1
316.4
315.0
225.0
227.6
182.5
272.4
323.9
360.0
325.2
232.0
238.2
12.6
358.8
358.8
209.4
261.9
270.0
316.7
360.0
225.0
312.0
359.0
347.3
359.8
258.3
255.0
269.9
352.0
215.8
356.6
227.0
1.0
0.1
230.0
230.0
269.0
313.0
268.3
320.7
13.8
270.0
353.7
235.0
236.0
183.0
260.0
233.0
301.0
272.0
293.0
349.0
340.0
266.0
229.0
241.0
331.0
303.0
219.0
285.0
260.0
351.0
346.0
180.0
204.0
278.0
259.0
188.0
218.0
225.0
299.0
360.0
360.0
267.0
1.0
270.0
315.0
265.7
322.0
242.0
308.0
307.0
223.0
213.0
310.5
213.6
290.2
270.9
0.9
238.0
227.0
251.0
321.0
239.2
309.0
348.0
189.0
299.0
338.0
331.0
210.0
326.0
265.6
326.3
220.1
319.6
185.0
246.0
311.0
287.3
258.0
268.0
250.0
298.0
341.0
188.0
300.0
226.0
241.0
235.0
270.9
325.0
210.5
317.6
4.0
227.0
359.0
359.0
231.0
274.0
218.0
345.0
308.6
360.0
308.0
250.5
344.0
269.0
225.4
195.0
292.5
359.2
298.0
315.0
360.0
352.9
350.5
270.0
225.0
315.6
360.0
196.6
360.0
210.5
248.5
314.0
256.0
176.0
340.5
282.0
352.7
207.0
224.0
258.0
346.0
301.0
210.0
314.0
230.0
228.1
257.5
317.0
306.0
228.0
268.1
323.2
276.0
268.0
224.0
245.2
278.7
242.0
313.9
182.5
222.5
316.5
252.4
325.0
193.8
323.9
230.0
36.0
223.7
9.0
261.0
213.0
198.0
225.0
343.3
184.0
193.1
316.5
313.0
360.0
2.0
346.0
262.0
222.0
225.0
360.0
360.0
360.0
220.3
0.5
315.0
270.0
360.0
305.0
305.4
271.0
265.9
258.4
0.1
305.8
281.0
6.0
245.0
296.0
208.0
315.0
360.0
0.0
218.1
233.0
306.0
191.0
321.0
204.0
308.0
313.3
228.9
359.0
231.2
231.2
247.0
270.0
220.0
245.2
348.0
273.0
227.0
245.4
257.0
254.1
313.0
269.9
230.0
269.0
325.0
308.0
214.8
306.0
213.5
287.8
233.9
226.0
312.0
10.0
264.8
319.0
5.0
260.0
270.0
306.0
355.0
229.0
260.5
252.0
255.0
270.0
270.6
343.4
342.0
317.0
252.0
200.4
270.0
330.0
270.0
1.0
207.5
307.4
263.3
1.0
271.0
331.0
349.0
200.3
252.0
259.1
314.4
224.0
285.0
299.2
301.0
211.6
252.0
308.0
261.3
198.0
351.0
229.0
308.0
230.0
227.8
228.0
209.0
270.0
330.0
273.8
265.0
330.0
213.9
315.1
329.0
292.2
191.6
270.0
338.0
320.0
271.0
284.0
265.8
308.0
278.0
316.9
250.7
311.1
224.0
279.0
345.0
250.4
191.0
12.0
323.0
336.0
338.0
210.0
271.9
302.0
341.0
272.0
175.8
234.0
293.0
330.3
264.0
252.0
233.0
318.7
243.0
248.0
290.0
236.0
294.0
212.9
270.0
242.0
307.0
229.0
287.0
239.1
256.0
180.0
260.7
227.0
227.2
263.8
246.0
334.3
215.0
306.0
219.1
222.7
173.0
231.0
203.0
303.0
238.0
304.0
180.0
225.1
270.0
175.5
251.7
241.0
283.0
336.0
255.0
318.0
329.0
222.3
301.0
242.9
242.0
251.0
270.0
359.9
309.0
219.3
272.3
341.5
280.0
359.0
270.0
302.0
172.9
3.0
269.0
228.0
355.0
270.0
251.3
222.0
224.0
298.5
298.0
307.0
270.0
223.0
307.0
208.0
197.0
225.4
278.2
280.0
298.0
275.0
255.0
240.0
254.1
314.2
241.1
232.0
323.0
323.0
334.0
215.0
289.1
290.0
350.1
206.0
237.2
306.3
271.0
349.9
200.0
270.0
241.4
282.0
199.0
269.0
314.0
313.0
275.0
276.0
22.0
270.0
270.0
288.0
256.0
298.0
331.5
263.0
270.0
359.0
246.9
299.0
163.0
231.0
316.8
259.0
349.0
224.0
277.6
313.0
310.0
360.0
242.1
295.5
290.0
222.1
313.2
257.0
250.0
320.0
224.0
269.0
233.4
265.0
333.3
315.0
22.7
269.0
318.0
205.0
265.0
325.0
250.0
300.0
269.4
315.0
224.0
315.0
258.0
319.0
191.0
242.7
287.3
226.0
344.9
330.0
347.0
220.4
285.5
341.2
213.0
322.6
260.7
326.0
256.0
207.0
264.0
211.4
309.0
318.0
222.0
342.0
208.5
286.4
298.8
226.1
230.6
317.0
210.0
301.2
336.2
221.0
311.0
178.3
232.7
275.8
333.2
216.0
274.6
337.5
5.0
264.0
300.0
337.0
307.0
293.8
241.0
331.0
226.0
261.8
231.0
300.0
201.1
270.0
228.0
249.0
320.0
307.0
222.7
221.3
268.0
341.0
304.0
242.0
295.0
292.0
9.1
299.0
251.0
213.0
349.1
223.0
283.0
297.0
280.0
280.3
322.0
279.8
262.0
309.0
223.5
279.5
328.0
255.4
317.3
9.3
281.0
337.0
315.0
1.0
319.0
311.4
358.1
281.0
345.0
224.6
286.8
225.0
315.0
228.5
211.2
336.2
242.0
342.0
243.3
329.3
211.0
259.0
350.0
231.0
351.9
257.9
319.0
205.4
207.0
266.7
214.0
339.0
338.0
203.6
244.7
298.3
348.2
270.0
299.5
360.0
351.0
237.0
282.0
2.0
189.3
258.9
332.0
223.9
285.0
331.9
267.0
360.0
229.3
316.0
282.0
252.0
332.6
234.8
313.0
176.0
266.0
322.0
270.0
336.1
297.0
358.7
219.0
313.0
227.0
227.0
227.0
317.0
317.0
258.8
319.2
277.2
294.0
356.0
209.0
294.7
324.0
229.0
317.0
335.0
272.0
309.3
358.4
305.0
209.5
249.5
289.5
287.0
244.0
287.0
6.0
327.0
338.0
260.0
311.0
230.1
270.0
324.0
262.0
217.0
214.2
199.0
203.0
293.7
320.0
265.0
270.0
268.5
207.0
265.0
244.0
345.0
328.3
241.0
270.0
14.0
229.3
284.5
283.0
1.0
214.2
270.0
319.3
360.0
353.0
303.0
270.0
315.0
181.5
263.6
339.0
326.0
217.9
306.6
269.9
340.4
268.0
307.0
317.0
233.0
275.0
265.5
295.4
231.0
231.0
224.0
306.7
355.1
262.5
262.5
262.5
246.0
222.0
260.0
259.0
233.0
272.0
202.0
305.0
224.0
251.3
270.0
271.0
271.0
202.0
262.0
351.0
231.0
340.0
246.9
231.8
6.9
316.0
339.0
293.0
302.0
234.9
259.2
268.1
261.0
244.2
256.0
256.0
246.0
255.6
250.0
247.0
240.0
360.0
277.7
260.0
220.0
310.0
282.0
360.0
302.4
3.0
4.0
231.0
189.0
337.0
336.9
198.0
310.0
236.0
196.0
359.0
227.0
325.0
233.0
312.6
307.0
331.0
200.6
315.0
195.0
179.2
312.3
208.0
314.2
267.0
244.0
348.29
210.0
270.0
260.0
297.0
249.0
251.0
261.0
261.0
244.0
253.0
270.0
248.0
344.0
280.0
281.6
252.2
259.0
273.0
271.2
263.0
263.0
269.0
335.0
359.8
308.0
270.0
277.5
328.3
1.9
213.0
215.0
233.0
202.0
225.0
200.0
192.0
243.2
210.0
203.0
204.0
208.0
260.0
205.0
200.0
222.0
351.9
241.0
237.0
226.0
228.0
190.0
305.0
217.0
215.0
204.0
226.0
207.0
260.0
226.8
220.0
229.0
347.0
275.0
230.0
224.0
241.0
227.0
232.0
360.0
360.0
225.0
208.0
257.0
306.3
351.0
230.0
263.9
267.0
267.0
239.5
248.0
221.4
268.4
191.0
233.0
351.9
257.0
268.0
260.0
273.0
254.0
270.0
192.3
292.5
263.0
291.0
203.0
228.5
240.7
306.0
268.3
295.1
328.1
269.0
201.8
219.0
359.0
314.7
247.0
360.0
309.0
264.0
266.0
193.8
265.0
289.8
219.4
218.7
230.0
230.1
194.0
245.0
250.0
343.0
238.4
332.0
246.0
260.0
288.0
258.9
259.6
242.0
225.0
225.0
244.0
244.0
244.0
256.0
317.0
240.0
228.0
237.5
246.6
240.0
250.0
248.0
228.0
214.0
214.0
270.0
270.0
205.6
326.0
351.0
253.0
253.3
221.0
271.0
294.0
286.0
285.6
295.0
261.0
294.3
275.8
302.0
279.9
256.0
229.0
229.0
256.0
301.0
257.0
284.0
270.0
269.9
200.0
256.0
320.6
321.0
268.0
268.0
269.0
359.0
358.0
250.0
265.0
276.0
276.1
262.0
214.1
214.1
290.0
317.0
212.0
249.0
249.0
221.0
278.0
249.6
249.6
249.6
360.0
251.0
230.3
332.8
244.0
318.0
318.0
233.0
233.0
263.4
263.4
279.0
265.7
266.0
267.0
267.7
252.0
272.0
273.0
273.0
232.0
268.0
264.0
266.0
212.0
273.0
272.0
293.0
244.0
241.0
241.0
254.0
257.0
285.0
218.0
308.0
308.0
232.0
262.0
261.0
252.0
239.0
284.0
273.0
212.0
238.6
253.0
230.0
252.0
264.0
246.0
291.0
309.0
237.0
288.0
272.0
241.0
251.0
252.0
221.0
267.0
334.0
222.0
263.0
277.0
280.0
301.0
236.0
215.0
324.0
240.0
262.0
263.0
263.0
269.0
268.0
266.0
212.0
216.0
298.0
240.0
268.0
267.0
258.0
253.0
253.0
265.0
224.0
267.0
320.0
293.0
249.0
235.0
255.0
238.0
360.0
222.0
345.0
345.0
210.0
212.0
283.0
271.0
254.0
191.0
257.0
212.0
215.4
358.0
340.0
233.0
233.0
208.0
259.0
259.0
279.0
279.0
260.0
269.0
269.0
351.0
350.0
222.0
265.0
265.0
313.0
221.0
221.0
273.0
253.0
291.3
253.0
259.0
200.0
341.0
233.0
229.0
302.0
312.0
267.0
266.0
284.0
223.0
288.0
293.0
214.4
254.0
248.0
215.0
299.0
240.0
324.0
251.0
242.0
225.0
327.0
239.0
360.0
246.0
215.0
267.0
312.0
312.0
331.0
270.0
268.0
317.9
259.8
214.7
296.0
222.8
266.0
228.0
228.0
334.1
254.0
213.8
227.0
307.0
359.0
284.0
2.0
198.0
276.0
199.0
227.0
272.0
274.1
333.7
290.0
1.0
314.0
357.0
8.0
260.0
250.0
191.0
292.0
355.0
237.0
312.0
346.0
247.1
337.2
248.0
310.0
5.0
220.5
299.0
247.1
203.0
226.0
293.0
240.5
219.0
276.0
301.0
306.0
352.0
306.0
354.0
271.8
335.6
5.5
287.0
10.0
217.0
262.7
262.0
309.0
309.7
306.0
222.6
312.9
316.0
345.0
268.8
244.4
265.0
258.0
343.0
322.0
252.1
335.1
200.0
254.9
225.1
238.4
239.8
245.0
342.0
320.0
215.0
216.0
261.0
334.0
197.0
253.0
259.0
328.0
232.0
281.0
356.0
227.4
262.0
217.8
234.8
276.0
328.8
330.8
215.0
265.0
354.0
206.0
206.0
234.0
326.0
256.0
207.8
268.0
217.3
277.0
336.0
216.0
260.4
266.0
303.0
266.0
267.0
268.0
226.0
356.0
290.0
195.0
263.0
263.0
314.0
231.0
231.0
19.0
241.0
286.0
286.0
193.2
251.0
3.0
228.0
1.0
216.0
270.2
230.0
347.0
183.5
219.0
273.5
309.5
243.0
293.0
358.5
253.0
217.0
263.1
286.0
246.0
362.0
242.0
203.0
211.0
279.0
316.0
186.0
219.0
212.0
244.0
356.0
205.0
248.0
281.0
206.0
285.0
345.0
196.0
191.0
268.0
313.0
285.0
252.0
227.0
330.1
349.7
210.0
268.3
297.0
216.0
277.0
216.0
266.0
266.0
254.0
259.0
203.0
248.0
342.0
267.0
319.0
357.0
274.0
255.0
199.0
266.0
301.0
258.0
207.0
260.0
313.0
268.0
263.0
202.0
244.0
305.0
206.0
285.0
287.0
258.0
258.0
312.0
273.0
239.0
298.0
242.0
239.0
303.9
358.0
252.0
269.6
270.0
245.0
204.0
245.0
234.0
213.0
318.0
181.12
239.0
303.4
205.0
257.6
322.0
236.0
358.0
247.8
275.0
307.0
202.0
262.0
236.0
293.0
346.0
318.0
251.0
313.0
221.0
208.0
258.0
355.0
245.0
215.0
228.0
207.0
332.0
268.0
223.0
279.0
217.0
225.0
360.0
186.3
250.0
311.0
213.0
263.0
342.0
238.0
267.0
320.0
233.0
264.0
324.0
256.0
307.0
226.0
319.0
338.0
359.0
229.0
290.0
226.0
270.6
256.0
239.0
250.0
299.0
253.0
292.0
204.0
301.0
235.0
347.0
271.0
240.0
354.3
212.0
272.0
333.0
227.0
289.5
348.0
217.0
262.0
223.7
276.5
202.0
230.0
232.0
282.0
275.0
355.0
274.0
330.9
217.0
217.0
280.0
217.0
270.0
241.0
267.0
267.0
273.0
310.0
244.0
323.0
1.0
241.0
241.0
224.0
229.0
240.0
239.0
200.0
245.0
244.0
198.0
328.0
242.0
242.0
347.0
212.0
355.5
256.0
300.0
239.0
191.0
202.9
265.8
291.0
203.0
203.0
341.0
186.0
224.0
267.0
261.0
224.0
262.8
350.0
188.0
236.0
236.0
283.0
228.0
268.0
254.0
273.0
238.0
201.0
252.0
249.7
252.0
336.0
234.7
335.7
261.0
254.0
202.0
243.0
300.0
331.0
202.0
306.0
188.0
263.0
264.0
238.0
283.0
358.0
189.0
235.0
235.0
285.0
265.0
221.0
238.0
267.0
3.0
3.0
3.0
210.0
208.0
205.0
198.0
255.0
213.0
189.0
232.0
197.0
279.0
272.0
244.0
301.0
358.0
212.0
225.0
228.0
233.0
268.0
267.0
245.0
235.0
245.0
238.0
207.0
264.0
219.0
220.0
219.0
300.0
320.0
320.0
236.0
292.0
214.0
304.0
235.0
236.0
248.0
243.0
340.0
255.0
200.2
278.0
275.0
285.0
337.0
259.0
238.0
251.0
221.0
288.0
232.0
280.0
201.0
247.2
280.3
280.3
267.0
221.0
221.0
303.0
259.0
290.0
253.0
277.0
214.1
270.0
269.0
269.4
314.0
245.0
277.0
239.8
310.0
226.0
210.9
296.3
293.7
319.4
266.0
285.0
285.0
319.0
280.1
198.0
257.0
298.0
287.1
354.5
272.4
263.3
263.3
238.0
258.0
281.0
245.0
212.0
330.0
298.0
301.0
254.0
266.0
215.0
257.8
350.5
224.0
242.0
215.0
257.0
289.0
357.6
329.0
251.0
196.0
196.0
314.0
226.0
298.8
260.0
252.0
303.0
249.0
311.0
204.0
350.0
251.0
340.5
355.5
252.0
307.0
334.0
250.0
241.0
316.0
220.0
316.0
206.0
297.0
285.0
265.0
239.0
189.0
266.0
189.0
324.8
334.0
343.3
205.0
13.0
359.0
270.2
314.0
314.0
267.0
286.0
359.1
224.0
347.0
254.0
273.0
282.6
262.0
256.0
301.0
293.0
315.0
267.0
267.0
283.0
258.0
229.0
292.0
34.0
255.0
297.9
270.0
252.0
288.0
251.0
233.0
233.0
358.0
294.0
310.0
127.0
259.0
305.0
270.0
360.0
270.3
262.0
273.0
355.0
267.0
316.0
215.2
248.0
288.0
287.0
287.0
255.0
269.0
262.9
271.0
261.0
311.0
285.7
291.1
306.0
252.0
199.0
296.0
195.0
284.0
285.0
295.0
332.0
296.0
245.0
227.9
260.0
337.0
357.0
198.3
263.2
213.2
255.0
188.7
4.6
206.0
198.1
294.0
212.4
242.2
185.0
224.0
195.7
326.0
242.8
185.0
292.0
231.0
202.0
341.2
263.1
341.8
184.0
196.9
187.0
298.0
298.0
186.0
212.3
228.0
332.3
285.0
353.4
186.0
223.1
193.1
320.0
239.0
267.0
298.0
324.2
351.5
322.9
323.0
360.0
356.4
340.0
302.0
343.5
213.7
207.0
333.0
286.0
318.0
283.2
308.2
211.0
309.6
295.0
302.0
192.0
356.7
205.6
206.2
188.2
317.3
296.6
327.1
190.0
190.4
255.9
305.0
313.0
296.0
1.0
292.0
270.8
295.0
337.7
358.0
201.0
281.0
326.0
221.0
316.5
293.0
293.0
293.0
293.0
331.0
234.0
287.0
351.0
298.0
332.5
224.7
262.8
267.0
257.6
261.0
264.0
299.0
213.5
272.9
256.0
255.0
264.0
244.3
271.0
268.3
323.0
270.0
245.0
258.0
265.0
271.0
259.4
278.0
247.0
227.7
254.0
257.8
206.0
261.0
261.4
282.0
229.0
253.3
209.3
273.3
248.0
248.0
209.0
271.0
250.0
5.0
328.2
215.5
265.0
274.0
193.0
317.0
326.1
326.1
284.0
202.0
216.0
0.0
300.3
290.0
357.0
227.4
342.0
212.8
270.0
239.0
0.1
281.4
330.0
313.8
358.8
315.0
225.0
348.0
243.1
360.0
229.0
312.7
1.1
359.4
6.0
312.0
305.0
270.0
166.6
224.0
268.0
229.0
264.0
339.0
237.0
180.0
282.0
276.0
288.0
233.0
166.0
316.0
247.0
360.0
201.9
344.0
217.0
262.0
293.0
240.0
333.0
269.0
269.0
338.0
195.0
307.0
200.0
280.0
316.0
221.8
239.0
310.0
315.0
256.0
344.0
259.0
304.0
211.0
313.0
346.0
179.0
260.0
214.2
243.0
318.0
188.0
234.0
284.0
184.0
184.0
227.0
227.0
307.0
241.0
229.0
346.0
270.0
270.0
261.0
181.0
181.0
226.0
316.0
270.0
179.0
308.0
321.0
202.0
221.0
303.0
203.0
252.0
196.5
337.0
270.0
265.0
255.0
325.0
193.0
194.0
194.0
238.0
326.0
280.0
174.0
241.0
244.0
322.0
217.0
179.0
218.0
193.0
314.6
223.0
276.0
275.0
214.0
325.0
205.0
260.0
293.0
254.0
271.0
178.0
196.0
298.0
186.0
229.0
333.0
220.0
306.0
336.0
275.0
190.0
231.0
321.0
171.0
258.0
198.0
229.0
184.0
214.0
239.0
333.0
249.0
293.0
344.0
208.0
251.0
237.0
189.0
305.0
224.0
273.0
199.0
172.0
224.0
230.0
316.0
265.0
176.0
207.0
277.0
301.0
327.0
243.0
251.0
246.0
241.6
283.0
282.0
244.0
244.0
230.0
259.4
194.0
346.0
214.0
267.3
226.0
215.0
0.3
220.0
284.4
239.9
315.3
302.8
351.3
224.3
269.3
196.0
250.4
225.0
235.9
253.5
360.0
288.0
271.0
1.0
269.0
267.0
242.0
332.7
1.8
218.0
201.2
233.0
192.0
345.0
347.0
306.0
221.0
222.0
297.0
273.1
257.4
192.0
333.4
360.0
233.9
179.0
276.0
6.0
230.0
297.0
286.0
301.7
223.0
297.0
310.0
218.0
202.0
266.0
327.0
351.0
204.0
190.0
357.2
358.5
320.0
311.0
239.4
320.0
316.0
359.5
293.7
225.0
315.0
360.0
1.0
330.6
290.0
315.0
316.0
1.0
289.4
359.2
194.9
266.7
359.9
229.0
221.6
308.5
332.0
235.0
359.9
331.0
293.0
283.0
190.0
355.8
330.0
284.0
252.1
274.0
320.0
275.2
320.6
263.0
265.0
270.5
270.4
285.7
231.2
307.0
190.0
303.0
274.9
330.0
282.0
296.0
309.0
286.0
279.0
327.7
173.9
174.0
268.0
304.0
304.0
278.0
185.4
283.0
343.0
281.0
312.0
223.0
252.0
308.4
331.9
312.0
182.0
320.0
233.0
242.0
288.0
213.7
202.0
208.0
203.0
268.0
275.0
252.0
335.0
311.0
180.0
220.0
294.9
280.0
250.0
331.0
227.0
248.0
211.0
303.0
300.0
246.0
335.0
235.0
310.0
235.0
224.6
267.0
284.0
186.0
201.0
255.0
331.0
347.6
205.0
253.0
222.0
303.0
202.0
315.0
238.0
334.0
324.0
348.0
283.0
340.1
224.0
285.0
339.9
185.0
227.0
329.0
251.0
180.0
209.0
266.0
338.2
205.0
323.0
193.0
225.8
299.0
258.0
340.8
265.0
354.0
339.0
182.0
338.0
269.0
336.0
223.0
263.0
303.0
259.43
306.0
316.0
274.2
194.0
189.8
247.5
248.0
324.9
290.0
308.0
305.0
329.0
272.6
215.0
226.0
238.0
258.0
299.0
223.0
188.0
295.0
264.0
233.8
312.0
310.0
262.0
290.0
226.0
262.0
278.0
264.2
292.9
268.0
342.0
280.3
324.0
296.0
296.0
248.0
277.0
321.0
318.0
254.0
310.9
260.1
343.8
341.1
258.5
195.0
265.0
201.0
265.0
261.0
255.0
248.0
338.0
260.0
196.0
335.0
197.0
279.0
170.0
278.0
245.0
329.0
180.0
228.0
321.0
270.0
319.0
252.0
351.0
224.0
288.0
252.1
171.0
256.0
244.0
321.0
238.0
250.7
207.9
251.0
286.0
226.2
353.0
253.1
282.0
230.1
227.7
277.1
305.0
310.0
276.0
253.0
344.3
354.0
356.0
246.0
281.0
238.0
301.3
301.0
287.7
341.0
229.0
224.2
313.9
313.9
358.9
282.0
0.4
205.0
246.0
308.0
315.6
360.0
236.6
344.0
261.0
314.9
227.0
171.9
257.8
270.0
229.7
237.0
242.0
261.0
227.0
256.0
250.6
248.0
226.0
228.8
333.0
258.0
220.0
280.0
320.0
190.0
266.0
280.0
220.0
310.0
240.0
270.0
200.0
330.0
247.0
198.0
240.2
354.9
228.0
303.0
281.2
237.8
293.0
235.3
251.0
278.0
272.0
185.0
244.9
263.0
263.0
263.0
331.0
272.0
331.0
221.0
221.0
212.0
276.0
282.1
264.0
293.0
326.0
243.0
4.0
19.0
311.0
182.0
261.2
332.6
179.0
202.0
202.0
207.0
248.6
291.0
217.0
270.0
245.0
258.6
220.5
220.0
274.2
247.0
326.0
287.0
314.0
230.0
199.0
47.0
220.0
211.0
277.5
271.0
207.8
270.0
205.0
305.1
257.4
263.0
238.0
312.0
331.5
321.0
213.0
202.7
339.0
196.0
212.0
344.0
344.0
258.0
276.0
199.0
243.0
296.8
252.0
353.0
234.0
248.8
276.0
227.0
249.0
195.0
179.0
208.0
268.0
316.0
230.0
203.0
352.6
184.3
352.6
239.0
283.0
229.0
212.4
244.0
241.0
264.0
240.0
230.0
330.0
236.3
210.0
194.0
178.0
313.0
272.8
241.0
229.0
228.1
264.0
231.0
271.0
178.0
238.0
196.0
202.0
202.0
202.0
176.0
234.0
256.0
217.4
185.0
239.0
186.0
270.0
201.4
268.7
180.3
184.0
253.7
253.6
301.0
212.0
340.0
225.0
300.0
332.0
359.7
350.0
218.7
305.0
276.0
292.0
295.0
352.0
221.0
237.0
235.0
226.9
223.0
271.0
314.3
227.0
270.0
323.1
345.0
345.0
317.0
318.0
328.0
339.2
337.0
337.0
291.1
332.0
6.0
333.0
343.0
319.5
319.0
345.0
309.0
316.0
316.0
270.1
291.9
326.0
225.0
276.0
273.0
349.0
349.0
194.0
194.0
197.3
197.4
197.6
338.8
338.8
342.0
342.0
346.0
251.9
310.0
337.0
337.0
309.8
226.9
1.0
322.8
322.6
322.8
330.0
189.0
235.8
225.0
229.4
229.2
195.0
200.0
286.5
345.0
329.3
345.0
345.0
343.2
255.5
345.4
293.0
304.0
309.0
359.9
203.0
330.0
240.0
329.7
189.9
188.7
285.8
351.5
222.8
222.8
351.0
341.0
345.0
221.8
221.7
284.2
359.0
335.0
254.3
299.5
255.0
300.2
271.0
193.0
180.7
180.6
269.0
204.4
218.0
315.0
330.0
218.0
310.0
314.0
259.0
320.0
234.0
259.0
242.0
220.0
233.0
272.0
263.0
263.0
253.0
254.0
332.0
209.0
330.0
5.4
250.0
314.0
237.0
326.4
193.4
271.8
308.0
3.3
189.3
189.0
239.8
310.0
327.0
330.0
332.0
331.7
312.2
322.0
320.7
321.0
308.0
293.1
277.1
277.1
255.7
348.0
239.2
313.1
269.0
358.9
261.0
360.0
304.4
348.0
267.0
312.0
321.0
352.0
345.0
314.2
359.6
270.0
360.0
240.8
351.5
195.0
195.0
330.5
330.5
210.0
283.0
210.0
282.8
241.0
313.0
326.4
324.0
299.5
359.0
326.0
312.0
307.4
347.0
188.4
242.3
200.0
269.0
329.0
349.0
359.0
228.0
298.0
326.0
235.7
348.5
239.7
197.0
186.0
306.7
190.0
280.0
320.0
197.0
356.0
1.2
353.0
350.0
232.0
4.0
202.0
242.6
221.4
188.0
345.0
357.0
224.0
273.0
225.0
315.0
271.0
193.0
267.0
299.0
184.0
260.0
296.0
202.0
242.0
354.0
309.0
220.6
271.7
301.0
351.0
340.0
284.0
231.0
270.5
309.0
243.0
270.0
270.0
360.0
359.4
306.0
211.6
254.4
271.0
225.0
320.0
225.0
288.6
339.2
316.2
2.0
328.0
356.6
225.0
270.0
359.0
179.0
356.0
315.7
315.7
234.8
284.0
276.0
332.8
325.0
219.0
186.0
270.2
220.0
247.0
340.9
340.1
261.8
307.0
324.0
0.9
314.6
272.0
355.0
317.0
352.0
224.7
190.5
219.4
324.1
314.0
360.0
230.8
330.0
280.0
270.0
318.9
211.0
355.4
358.6
203.0
271.9
1.0
207.0
272.0
360.0
252.3
359.6
263.5
227.3
12.0
263.0
360.0
208.0
207.7
296.0
199.6
304.9
316.0
1.5
231.8
225.3
226.0
348.0
215.0
310.0
305.9
5.0
222.0
255.0
218.7
360.0
10.7
244.1
360.0
274.0
262.3
230.6
315.6
238.5
271.6
211.7
224.0
290.0
223.0
317.0
296.0
276.0
283.0
291.0
184.0
275.0
261.0
272.0
308.8
279.7
212.6
360.0
360.0
236.2
193.7
271.0
245.0
251.1
234.6
315.0
201.1
295.5
360.0
360.0
360.0
203.0
242.0
271.0
352.5
238.9
298.5
273.8
248.0
199.0
333.0
218.0
303.0
279.0
270.0
269.4
360.0
278.0
311.0
1.3
323.1
293.4
360.0
244.0
350.7
346.5
352.2
223.9
351.0
230.3
355.9
269.0
207.0
209.0
4.0
255.0
350.0
260.0
330.0
328.0
308.0
290.0
290.0
215.0
317.0
254.0
33.0
19.0
34.0
28.0
359.0
270.0
4.0
222.0
240.0
201.4
328.7
355.3
0.8
226.3
346.0
360.0
271.0
348.2
358.0
264.7
218.0
1.9
2.0
360.0
218.0
222.1
341.0
213.6
252.0
296.0
359.0
276.0
270.0
315.0
293.6
355.0
357.0
220.0
262.0
359.0
295.0
360.0
262.0
201.0
214.6
341.0
311.0
271.0
340.0
271.0
1.0
211.0
270.0
315.7
258.0
233.0
310.0
336.0
241.0
255.3
318.6
220.5
196.0
192.9
341.0
260.0
311.5
1.5
309.0
228.0
262.0
330.0
359.5
359.0
273.0
359.0
323.0
359.0
358.8
256.0
314.0
269.0
360.0
344.9
288.0
240.6
360.0
1.2
296.0
354.0
333.7
296.8
223.0
238.0
314.0
314.0
275.0
336.0
225.8
221.0
321.0
323.0
241.0
281.0
270.0
335.0
360.0
335.0
233.0
323.0
315.0
14.0
354.0
230.0
346.0
11.0
316.9
320.6
248.0
175.0
274.0
352.0
286.0
218.0
271.0
355.0
286.2
296.0
212.0
212.0
196.0
2.0
276.0
198.0
215.0
210.0
355.0
359.0
346.0
314.4
234.0
312.0
360.0
339.0
324.0
269.0
233.6
244.0
346.0
337.0
239.0
346.0
233.0
267.4
240.0
177.0
272.0
304.0
268.0
358.0
267.0
195.8
277.0
351.0
270.0
315.0
307.2
205.0
359.0
243.0
300.0
360.0
325.0
10.0
201.0
239.0
187.0
269.0
270.0
11.0
317.4
360.0
270.0
1.0
292.3
267.0
360.0
346.0
8.0
227.0
325.0
227.2
310.0
236.0
348.0
222.0
216.0
267.0
182.0
311.0
271.0
229.0
360.0
254.0
270.9
308.2
271.0
232.0
315.0
345.0
343.0
192.0
218.0
289.0
198.6
341.8
208.0
310.0
249.0
278.0
314.0
269.0
228.5
319.0
191.0
6.0
279.0
192.1
346.0
205.0
303.0
360.0
358.0
252.0
317.0
1.3
324.0
303.0
304.2
304.2
359.0
6.0
229.4
270.3
271.0
359.0
265.0
189.0
222.0
269.1
209.0
181.0
264.0
270.0
338.0
187.0
293.0
211.0
332.5
219.0
0.1
218.0
190.0
195.0
316.0
1.0
319.1
250.6
352.0
233.7
350.0
319.0
270.0
315.3
212.0
2.0
191.0
263.0
261.0
292.8
241.0
270.0
1.0
299.0
272.0
315.0
360.0
256.0
323.0
360.0
1.0
286.0
181.5
228.0
266.0
276.0
270.0
240.1
293.0
355.6
227.0
298.0
250.0
350.0
300.0
225.0
315.0
11.0
270.0
315.0
320.0
305.0
313.0
284.0
219.0
317.0
352.4
178.3
337.3
230.0
249.0
175.6
311.0
202.7
353.0
216.0
216.0
249.0
2.0
234.0
288.2
342.0
212.0
1.0
353.3
330.0
0.6
279.0
206.0
328.0
240.0
267.0
299.0
345.0
272.0
295.0
209.0
1.7
237.0
196.0
247.0
336.8
214.0
167.0
346.0
270.0
314.6
311.0
330.4
201.0
316.0
270.0
253.0
187.7
233.0
274.0
238.0
0.2
345.0
255.0
3.0
202.0
314.0
259.0
247.0
236.0
209.4
299.0
218.0
360.0
1.0
245.0
231.0
197.0
270.5
318.0
224.1
348.0
270.0
265.0
218.0
209.0
196.1
218.0
347.0
275.5
4.0
1.0
262.0
221.8
270.0
248.0
337.0
360.0
270.0
217.0
180.0
2.0
239.0
360.0
270.0
349.0
360.0
230.5
321.0
288.0
269.0
258.0
330.2
360.0
346.0
225.5
188.0
347.0
282.0
360.0
267.8
325.2
325.2
0.5
286.0
313.0
315.0
7.0
226.0
253.0
316.0
208.0
270.0
313.0
358.9
225.8
219.0
270.0
356.9
359.0
227.0
278.0
320.0
270.0
205.0
322.0
238.6
358.0
9.0
331.0
337.2
270.1
270.5
286.4
315.6
322.8
269.0
244.0
355.0
335.0
4.0
188.0
265.9
188.3
297.0
289.0
281.0
290.0
240.0
0.1
215.0
311.0
260.0
225.0
356.0
257.8
344.9
288.0
214.0
360.0
225.5
5.7
269.6
360.0
1.0
0.6
316.0
271.0
343.7
190.5
270.2
181.0
230.0
351.7
270.0
360.0
237.0
271.0
350.7
360.0
244.9
264.0
359.0
280.0
203.5
292.1
180.0
236.6
319.1
13.7
318.2
317.0
270.0
360.0
355.0
223.8
314.0
270.0
359.8
210.0
186.3
187.0
217.5
355.0
224.2
15.7
354.0
359.0
354.0
283.6
224.9
315.2
203.7
301.1
258.1
314.9
360.0
348.8
270.0
354.0
17.0
322.0
270.0
264.0
342.5
213.8
326.0
236.3
360.0
327.0
317.0
258.0
330.0
6.0
338.0
231.0
262.0
316.4
352.7
321.8
201.0
240.0
301.0
1.0
262.7
357.6
171.6
225.4
212.0
272.9
225.0
285.0
344.0
270.0
226.9
330.0
203.0
315.0
209.0
244.0
333.0
217.3
218.5
346.0
319.7
217.0
320.0
323.5
221.8
350.0
235.7
308.4
357.5
226.0
211.8
264.0
196.0
360.0
305.0
354.0
207.0
293.0
336.3
360.0
289.4
277.0
232.0
217.0
234.0
220.0
182.0
326.0
199.3
309.0
266.0
360.0
322.4
360.0
357.8
2.0
197.5
346.0
270.4
246.0
344.7
192.4
1.6
1.2
277.7
1.1
271.0
186.0
274.0
275.0
213.0
307.0
343.0
222.4
316.0
360.0
359.5
253.0
271.0
271.1
1.1
243.0
0.6
228.0
203.2
360.0
288.0
333.0
189.0
187.0
219.0
346.0
303.0
356.0
268.0
347.0
340.0
276.0
334.0
303.0
356.0
228.0
318.0
337.0
224.2
257.4
210.1
273.8
269.0
300.0
233.0
196.9
296.9
351.0
270.3
2.0
280.0
327.0
186.2
10.1
321.0
360.0
230.6
1.0
360.0
270.0
360.0
269.0
327.5
216.0
262.0
306.0
351.0
357.3
360.0
341.7
0.3
253.0
345.0
259.0
3.0
338.0
296.0
270.2
360.0
210.0
350.0
219.0
308.6
270.0
309.0
354.0
360.0
261.0
8.0
324.7
248.0
1.0
302.6
231.7
300.0
232.0
268.4
253.6
359.0
345.0
1.0
184.0
228.0
314.0
270.0
246.0
273.6
316.0
320.0
300.0
359.0
360.0
337.7
288.0
328.0
340.0
358.0
291.8
357.5
269.0
16.0
270.0
212.0
300.0
213.1
340.0
219.9
270.0
240.0
360.0
236.7
358.2
359.0
283.7
283.7
344.7
208.0
347.0
215.1
0.4
267.0
273.0
261.1
333.0
345.1
247.0
217.0
296.0
218.0
340.0
222.0
360.0
330.0
208.0
342.0
339.0
236.0
253.0
354.6
270.0
319.7
15.9
242.0
360.0
317.0
238.2
209.0
274.0
330.0
275.0
5.0
237.0
270.0
314.0
360.0
258.2
339.3
357.1
242.5
263.2
266.0
285.0
360.0
350.7
225.9
190.0
346.0
10.4
360.0
218.0
216.1
326.1
238.0
328.0
0.2
305.0
1.0
0.9
341.8
224.0
316.0
255.0
354.0
347.0
292.0
1.0
230.0
278.0
332.0
270.0
311.8
353.8
315.0
302.8
276.0
360.0
301.0
270.0
301.0
221.4
360.0
357.8
18.0
263.0
341.0
360.0
213.0
0.4
184.0
269.0
354.0
0.1
353.3
355.7
251.6
287.0
242.0
331.7
360.0
259.0
0.4
293.0
229.0
308.0
279.0
227.3
273.9
184.0
316.1
360.0
1.0
4.3
325.1
271.0
280.0
360.0
238.0
205.0
270.0
325.0
285.4
280.0
1.4
273.0
257.0
188.9
221.6
358.6
203.1
298.0
360.0
262.0
2.0
359.0
202.0
324.0
232.0
268.0
301.0
220.0
254.0
345.0
241.4
270.0
360.0
259.5
332.2
340.2
318.9
275.9
281.0
291.0
326.0
274.0
1.0
359.8
286.0
312.0
316.3
315.0
319.0
360.0
269.0
248.1
314.9
354.0
360.0
354.0
224.0
3.8
221.0
270.0
18.0
360.0
228.0
205.0
249.0
213.4
300.4
189.7
225.0
290.0
219.0
322.0
225.0
347.0
223.1
311.9
360.0
353.5
328.3
277.4
313.0
306.0
324.2
314.0
355.0
327.0
353.4
338.3
212.8
258.5
256.0
19.0
316.0
360.0
262.0
271.0
358.0
211.3
270.0
240.0
300.0
333.0
359.4
230.5
199.0
360.0
360.0
340.0
360.0
271.0
342.5
7.0
195.3
325.3
5.0
270.0
342.0
294.4
327.0
7.0
351.0
319.0
270.0
319.0
223.6
335.0
275.5
310.0
355.0
200.8
234.0
315.0
314.0
275.1
312.8
177.3
346.0
270.0
303.0
2.0
343.2
321.5
360.0
269.0
240.0
288.8
247.5
277.0
306.0
356.0
296.6
8.0
255.1
190.0
4.0
194.3
314.0
314.0
220.0
279.0
260.3
307.0
320.2
20.2
252.2
211.0
330.0
326.1
359.8
321.0
7.0
313.0
343.0
2.9
12.9
247.7
357.6
359.9
245.0
221.0
270.0
360.0
360.0
215.3
324.4
240.0
315.0
360.0
7.0
229.8
226.0
328.4
231.3
303.1
232.0
360.0
360.0
225.0
270.0
309.0
3.0
315.1
360.0
222.0
342.0
197.4
226.0
271.0
224.9
287.0
315.0
350.0
334.0
194.2
329.2
209.7
332.7
207.9
298.1
265.0
343.8
227.0
287.0
315.0
360.0
226.0
265.0
315.0
0.4
340.0
221.0
353.0
354.0
328.0
180.0
179.9
226.2
359.9
342.2
227.0
348.0
324.0
9.0
275.4
349.9
350.9
349.9
265.0
227.7
331.5
328.1
360.0
334.5
350.2
350.3
269.9
300.0
1.0
230.0
315.0
258.0
348.0
273.3
325.4
360.0
279.0
358.0
201.0
268.0
204.0
322.0
269.3
314.3
359.3
238.5
303.9
295.0
359.9
263.0
344.0
180.0
240.0
202.0
303.0
359.6
268.0
344.0
242.0
217.1
220.6
310.9
271.0
237.0
221.7
208.3
299.3
196.8
181.0
242.0
178.0
268.0
269.0
314.0
359.0
225.6
353.2
293.3
353.3
248.0
308.0
7.8
211.5
256.4
216.0
270.0
360.0
358.0
226.0
317.5
330.9
270.2
0.3
225.1
196.6
316.2
228.0
225.9
345.9
272.1
2.0
316.0
250.6
287.5
227.0
314.0
359.3
284.0
360.0
250.0
270.0
315.4
196.0
288.4
317.0
290.9
358.0
358.0
256.7
20.7
20.7
224.0
314.0
224.0
208.4
251.4
341.4
222.5
179.8
239.8
218.0
270.0
16.0
309.4
317.5
359.2
224.0
316.0
1.2
289.4
342.1
347.5
235.0
302.2
225.0
315.2
360.0
330.8
269.0
326.7
360.0
233.4
273.0
281.0
359.0
240.4
359.5
340.0
7.0
303.0
181.2
201.7
336.7
215.0
275.0
334.0
268.8
359.0
200.7
310.6
270.0
331.0
232.1
336.0
270.0
270.0
270.0
270.0
270.0
225.0
315.0
206.0
296.2
304.6
0.3
242.0
333.2
348.8
352.0
264.0
287.0
1.0
359.0
359.0
222.8
304.9
178.0
270.0
360.0
340.0
225.0
270.0
213.0
272.0
225.5
315.5
234.0
315.0
3.0
0.5
307.0
359.0
311.6
7.5
274.2
229.2
319.3
224.6
360.0
256.6
360.0
1.8
222.3
308.3
359.2
210.0
208.0
302.5
321.0
225.0
270.1
351.1
266.9
268.0
235.9
332.1
341.3
331.4
190.1
320.3
225.0
315.0
229.1
319.1
208.4
344.8
315.7
0.7
324.0
271.0
0.1
325.0
237.0
329.0
251.1
297.2
226.5
260.0
224.0
301.0
360.0
215.0
310.0
179.0
224.0
315.0
0.0
270.0
225.0
278.0
342.9
311.0
9.1
11.0
217.0
277.8
270.4
311.9
360.0
349.3
223.9
313.9
206.0
315.0
248.0
316.0
320.0
320.0
360.0
315.5
315.5
319.0
360.0
237.5
309.3
219.9
358.4
230.0
230.0
270.0
270.0
319.0
1.7
267.0
328.0
314.0
204.5
267.8
330.8
255.0
318.0
235.0
360.0
264.0
323.3
359.6
224.0
270.0
315.5
1.0
230.0
264.0
292.0
292.0
219.0
318.0
260.0
215.0
214.3
304.3
304.3
254.0
314.0
270.0
224.7
314.6
359.6
277.0
322.0
1.0
331.1
237.9
237.9
359.9
329.5
359.9
180.9
214.5
206.0
270.0
187.5
274.0
309.0
356.9
221.9
270.2
0.2
360.0
202.0
312.0
348.0
316.6
316.5
359.5
241.6
351.4
197.9
216.3
287.9
344.3
196.1
312.0
349.0
198.0
197.6
198.0
313.3
271.1
225.4
340.4
228.0
315.0
205.0
329.3
285.0
295.1
295.1
315.6
200.0
200.0
257.0
305.0
315.0
315.0
226.0
267.0
267.0
319.0
246.9
1.9
272.5
327.7
231.6
300.9
346.0
245.0
343.7
258.0
192.7
233.5
306.0
343.0
299.6
359.5
315.0
315.0
2.0
202.0
262.2
314.0
317.2
360.0
223.0
269.0
306.0
218.0
309.0
347.0
205.8
314.9
252.0
223.0
223.0
313.0
171.0
311.0
358.4
339.1
223.8
306.8
1.9
270.9
347.1
192.0
289.0
232.1
273.9
333.7
358.8
236.0
306.0
260.0
1.0
254.2
320.7
270.0
314.3
359.4
209.9
300.0
213.0
274.2
324.2
324.2
218.0
337.0
3.0
251.1
240.6
300.2
2.0
175.0
174.9
318.0
360.0
217.0
259.0
232.1
320.0
313.6
226.0
315.7
316.0
233.1
269.4
256.0
316.0
328.0
359.0
269.5
269.4
359.3
354.0
207.6
311.0
261.4
360.0
187.5
280.0
302.0
360.0
248.9
1.0
223.0
358.0
271.6
276.0
350.0
259.9
301.0
298.0
308.0
1.0
270.1
302.5
356.0
204.4
314.9
238.2
270.2
243.2
315.3
219.8
270.1
246.0
359.0
225.0
285.0
263.0
182.0
227.0
317.0
210.2
310.2
167.3
266.0
270.0
325.7
219.1
277.0
321.0
2.0
343.0
226.0
316.0
360.0
314.0
315.0
314.0
312.0
249.1
322.0
203.5
203.5
333.5
333.5
224.9
305.4
360.0
188.4
214.3
276.8
8.2
213.1
270.0
231.7
314.7
215.0
305.0
226.9
313.7
1.9
210.1
263.0
360.0
313.0
13.2
214.2
314.3
313.8
0.3
247.8
216.1
359.4
351.0
230.0
221.5
332.0
360.0
1.0
222.9
232.0
300.2
261.8
224.0
360.0
271.0
360.0
324.0
229.5
201.2
285.8
318.3
239.9
196.7
325.5
229.6
229.6
213.0
360.0
360.0
360.0
202.0
0.2
204.4
327.4
205.6
323.3
315.0
327.4
327.6
271.0
316.0
247.0
340.0
215.4
316.6
201.0
320.6
270.2
330.1
208.0
320.0
2.0
203.0
275.0
230.0
277.0
315.0
312.2
3.0
251.0
313.2
1.3
191.0
3.0
232.1
346.2
249.6
230.0
229.9
230.0
273.0
223.0
268.0
317.0
315.6
359.2
230.0
289.0
349.0
285.0
328.0
270.7
358.0
228.5
356.0
356.0
356.0
335.0
270.6
197.0
274.2
274.2
220.0
316.0
240.0
359.4
12.3
246.9
310.8
195.0
292.0
301.3
281.7
0.1
213.5
273.2
218.0
312.0
360.0
224.1
270.0
336.2
334.0
224.4
269.4
269.4
309.9
270.0
7.0
357.5
357.5
219.9
232.3
212.0
250.0
200.0
286.0
289.0
335.2
195.0
285.0
335.0
253.0
359.2
315.1
0.1
314.5
201.0
315.0
222.1
216.9
270.0
270.0
223.9
269.0
314.0
358.9
227.0
302.3
302.2
339.2
326.0
262.6
0.2
247.0
317.0
250.1
223.8
226.1
225.0
315.0
315.8
359.1
259.1
202.0
325.1
231.6
227.0
321.0
354.0
1.0
335.0
233.8
307.0
0.1
0.1
225.0
345.0
253.5
244.0
332.0
344.0
269.6
1.2
224.0
314.0
230.9
307.0
208.5
270.0
302.4
359.5
0.2
263.9
341.0
270.0
360.0
360.0
0.2
252.0
322.0
221.0
225.6
270.1
310.5
292.0
7.0
225.0
315.0
225.6
264.6
257.4
350.0
0.3
335.0
210.0
324.0
269.0
354.6
271.0
197.1
325.5
287.0
259.0
251.1
296.6
183.0
275.3
315.3
1.0
317.5
10.2
203.6
309.0
348.0
314.0
334.0
360.0
220.6
319.9
324.4
213.0
315.1
224.6
324.0
231.6
321.6
255.0
309.0
224.0
321.3
282.0
231.0
311.0
271.0
330.0
312.0
224.2
315.1
360.0
270.0
320.1
360.0
298.0
221.0
313.0
320.1
224.0
308.0
211.4
340.9
322.0
324.8
270.0
360.0
267.0
333.0
358.0
313.0
245.0
245.0
337.0
359.0
230.4
270.0
315.6
315.6
6.0
196.3
305.0
312.0
235.3
235.4
358.5
196.0
316.0
315.0
360.0
176.0
206.0
322.7
234.5
287.0
348.1
360.0
360.0
212.0
334.0
299.0
239.1
299.0
359.1
229.0
263.0
297.0
360.0
294.7
270.5
270.5
0.5
0.5
0.5
0.5
263.1
248.0
323.0
241.0
360.0
294.8
315.3
319.0
0.3
0.3
0.3
0.2
0.3
215.5
10.8
246.8
297.8
315.0
360.0
225.0
360.0
228.0
260.0
330.4
199.5
270.0
230.0
319.0
201.4
255.1
243.9
315.4
315.4
315.4
211.5
272.3
188.8
315.0
230.0
359.0
338.6
268.0
325.0
278.0
317.5
231.6
269.7
234.0
2.0
328.0
225.0
284.0
317.0
242.4
304.3
359.0
209.2
300.4
344.3
183.2
305.8
194.0
194.0
276.0
328.0
314.9
315.0
216.0
217.0
214.0
225.7
270.0
315.0
359.4
252.1
352.0
217.0
320.2
234.0
312.0
308.0
349.0
312.2
0.3
320.0
360.0
235.3
320.3
1.0
322.0
209.0
209.0
208.7
209.0
269.0
269.0
228.0
313.0
360.0
360.0
224.7
270.2
315.5
359.8
266.9
242.3
203.1
331.6
188.0
302.0
225.0
318.0
209.6
329.6
328.0
3.0
266.0
266.0
0.3
352.8
352.8
274.0
1.9
249.7
333.2
270.0
320.0
223.0
229.1
216.1
220.5
341.5
348.8
341.0
318.3
1.1
251.9
290.0
199.7
306.8
292.3
225.0
318.0
206.0
302.0
345.0
270.0
309.0
344.0
251.1
347.0
336.0
210.4
208.3
240.9
197.5
281.1
0.3
199.3
269.0
355.5
202.7
241.7
278.0
349.0
209.0
290.6
244.4
291.6
337.3
242.4
358.2
223.3
270.0
217.1
237.3
271.5
305.5
231.6
225.0
315.0
279.4
11.2
291.1
5.0
198.1
316.4
269.4
321.2
7.4
270.0
315.0
225.0
319.0
325.0
323.9
227.6
324.1
183.0
272.4
239.9
323.9
360.0
325.2
346.0
179.9
224.9
175.2
249.3
232.0
0.0
238.0
257.3
209.1
299.2
183.2
307.2
219.5
337.0
332.2
12.6
223.8
358.8
358.8
209.4
340.0
202.0
302.0
322.8
11.0
261.9
270.0
1.0
224.7
316.7
360.0
359.0
225.0
312.0
228.4
359.0
226.8
268.0
285.4
347.0
359.8
258.3
315.0
255.0
269.9
352.0
218.8
308.8
249.0
314.0
215.8
356.6
227.0
230.0
351.3
225.9
316.0
1.0
0.1
230.0
230.0
269.0
268.0
313.0
299.8
230.0
268.3
273.3
320.7
13.8
270.0
233.9
300.5
353.7
192.0
243.6
205.0
326.6
315.0
360.0
360.0
360.0
267.0
1.0
270.0
315.0
244.0
244.0
324.0
216.9
265.7
322.0
242.1
192.0
223.0
222.0
308.0
360.0
307.0
223.0
339.0
227.0
190.1
234.4
213.0
310.5
213.6
290.2
270.9
0.9
270.9
325.0
210.5
317.6
252.8
349.6
239.0
307.0
263.8
240.0
344.0
1.8
4.0
227.0
359.0
359.0
315.0
197.0
242.0
287.0
231.0
274.0
319.0
328.3
218.0
271.0
1.0
246.8
246.8
278.0
345.0
218.3
308.6
271.0
360.0
210.6
308.0
206.0
206.0
275.0
250.5
205.5
324.2
269.0
225.0
324.6
191.4
271.1
195.0
292.5
345.0
354.6
359.2
244.3
298.0
360.0
211.9
345.7
227.0
315.0
360.0
360.0
1.0
229.4
321.0
352.9
323.0
350.5
270.0
1.0
225.0
315.6
360.0
196.6
360.0
360.0
355.0
5.3
360.0
319.8
210.5
219.0
360.0
248.5
359.3
341.5
360.0
360.0
262.0
265.0
315.0
352.5
320.0
9.0
198.0
316.5
270.0
313.0
360.0
265.8
2.0
346.0
12.4
285.0
15.5
196.5
262.0
360.0
360.0
225.0
360.0
189.9
343.6
359.2
360.0
224.8
360.0
220.3
0.5
315.0
360.0
308.0
204.0
270.0
317.0
360.0
305.4
305.0
211.2
271.0
265.9
307.0
234.4
258.4
299.7
0.4
305.0
305.8
305.8
321.0
281.0
281.0
6.0
317.2
245.0
1.4
220.0
296.0
224.0
270.0
315.0
0.0
360.0
360.0
218.1
248.7
0.3
233.0
306.0
359.2
191.0
321.0
204.0
308.0
266.0
359.6
313.3
359.2
228.9
228.9
244.0
271.0
359.0
231.0
231.2
209.8
247.0
357.0
216.7
269.9
306.7
289.0
188.0
309.0
288.0
197.0
286.0
260.8
318.3
214.2
270.0
319.3
272.0
360.0
221.1
270.0
270.0
181.5
263.6
231.0
339.0
228.5
326.0
273.9
217.9
306.6
269.9
331.6
1.2
244.7
268.3
228.0
310.0
315.0
359.8
328.9
250.6
340.4
268.0
359.0
209.7
327.0
245.0
307.0
219.8
317.0
177.5
222.4
312.6
233.3
307.0
331.0
200.6
320.0
270.0
315.0
195.0
179.2
312.3
255.9
230.0
5.1
208.0
314.2
267.0
214.9
283.2
335.0
348.0
359.8
359.9
201.0
261.2
174.0
217.0
261.0
308.0
307.0
351.0
225.4
270.0
346.9
271.2
360.0
359.9
226.0
276.6
328.3
356.6
237.0
302.4
1.9
279.8
351.9
351.9
259.7
260.0
318.9
257.0
296.2
200.2
224.3
270.1
314.7
270.0
1.0
195.9
247.0
360.0
0.1
264.0
309.0
274.7
334.8
187.8
266.0
193.8
349.0
192.0
321.0
269.9
226.8
317.0
241.0
360.0
270.0
360.0
360.0
307.4
0.6
227.9
300.0
360.0
208.1
281.0
240.7
300.3
1.2
276.5
218.3
349.7
290.0
2.0
315.4
0.4
0.1
220.6
360.0
227.4
337.1
197.0
330.0
344.9
216.0
316.0
267.7
342.0
213.0
270.0
225.0
270.0
350.0
206.1
268.9
349.0
266.0
186.4
272.2
250.0
270.0
270.0
0.1
360.0
178.4
290.5
254.1
322.0
221.4
281.4
339.7
330.0
313.8
359.0
315.0
269.0
270.0
314.0
226.0
198.1
238.0
341.0
271.0
283.0
225.0
234.4
305.2
241.2
278.8
348.0
243.1
314.4
360.0
229.0
271.1
312.7
1.1
360.0
360.0
270.1
353.8
256.3
320.1
0.9
251.4
224.9
359.9
184.7
271.7
280.8
269.7
359.4
232.0
312.0
264.0
271.8
325.0
241.0
282.0
345.0
214.0
315.0
267.0
226.0
316.2
7.0
215.0
270.0
316.0
220.0
315.0
360.0
227.0
284.4
345.7
227.4
239.9
298.3
359.9
265.2
270.0
360.0
347.0
315.3
0.3
337.3
228.6
302.8
261.3
261.3
351.3
253.1
224.3
269.3
226.0
226.0
315.1
212.2
196.0
250.4
313.8
218.3
328.6
225.0
270.0
360.0
235.9
300.8
360.0
300.6
3.6
253.5
360.0
253.9
224.4
248.5
6.1
218.0
221.0
288.0
271.0
315.0
1.0
269.0
232.0
267.0
1.0
242.0
344.0
332.7
223.3
285.4
357.8
1.1
354.3
219.9
322.9
1.8
1.8
311.0
218.0
201.2
304.1
185.0
280.0
333.0
227.8
360.0
360.0
209.2
314.0
335.0
216.0
306.0
273.1
257.4
192.0
333.4
360.0
233.9
360.0
360.0
357.2
358.5
194.5
360.0
359.0
2.0
350.0
317.0
225.0
270.0
290.0
320.0
311.0
202.0
225.1
315.4
0.2
314.2
240.0
332.0
320.0
230.0
316.0
359.5
306.0
9.6
293.7
225.0
269.9
315.0
360.0
360.0
270.1
0.4
330.6
330.6
200.0
245.0
290.0
335.0
315.0
359.4
328.7
316.0
1.0
189.0
279.0
215.1
289.4
343.1
359.2
187.7
194.9
260.5
224.0
5.0
272.0
266.7
359.9
229.0
312.0
267.1
332.9
345.0
329.8
220.0
324.0
324.0
221.6
308.5
332.0
358.9
295.0
339.0
188.1
235.0
359.9
1.0
206.0
331.0
246.0
283.0
359.3
344.0
190.0
227.8
259.5
347.8
243.8
242.8
355.8
307.6
271.0
360.0
0.7
217.4
336.3
231.2
225.1
315.1
0.1
229.0
315.0
308.1
359.6
224.2
359.1
234.2
314.4
224.0
313.9
313.9
358.9
282.0
330.0
0.4
322.7
205.0
315.2
260.0
273.0
1.0
242.0
220.0
315.6
0.6
0.6
6.0
356.0
360.0
209.0
331.2
360.0
243.2
321.0
358.0
236.6
226.6
330.4
239.0
201.6
256.0
229.3
1.0
1.0
296.0
344.0
268.8
360.0
268.9
329.2
202.4
292.4
261.0
349.0
227.0
314.9
359.9
171.9
211.1
305.5
359.0
222.4
318.3
357.3
257.8
273.1
5.2
183.0
310.0
224.9
270.0
202.4
300.0
299.8
280.0
280.0
10.0
10.0
276.0
225.0
315.0
319.0
206.0
271.0
358.0
229.7
319.9
267.8
312.9
357.9
204.7
340.0
228.0
347.4
211.8
224.0
270.0
192.2
332.3
274.1
4.3
320.0
259.0
360.0
13.5
220.5
220.0
274.2
250.0
255.5
209.6
252.7
271.9
214.0
359.5
256.0
354.6
217.4
185.0
239.0
186.0
270.0
201.4
268.7
360.0
203.0
208.0
180.3
270.0
184.0
217.0
300.0
271.0
197.9
359.0
184.6
252.1
271.0
219.7
193.0
193.0
181.0
181.0
180.7
290.6
230.0
270.0
269.0
269.9
269.9
270.0
332.0
332.0
284.8
204.4
321.4
218.0
315.0
200.0
200.0
330.0
218.0
2.0
301.7
276.3
225.0
315.0
360.0
225.3
360.0
256.9
309.0
256.4
346.5
315.3
356.5
224.9
270.0
360.0
270.0
360.0
359.4
306.0
211.6
254.4
345.0
225.0
315.3
320.0
218.1
341.1
225.0
360.0
196.8
185.0
257.7
311.0
228.4
339.2
217.3
217.3
225.4
324.0
216.0
268.0
358.0
212.0
187.7
312.0
224.5
224.6
314.6
191.0
344.8
230.5
320.5
221.8
316.0
272.3
324.9
211.0
325.0
238.5
299.8
4.7
207.1
250.8
304.7
227.4
270.0
332.8
257.0
286.0
271.0
360.0
239.0
360.0
360.0
238.0
328.0
221.1
225.0
270.0
315.0
315.0
179.0
270.0
200.0
296.0
356.0
314.0
318.0
339.9
315.7
315.7
315.7
270.2
269.3
358.7
231.4
334.7
227.0
360.0
210.8
295.5
345.8
278.3
306.6
199.5
338.0
338.0
0.9
225.7
251.0
311.0
230.2
314.6
272.5
0.2
2.1
295.0
271.0
303.0
280.0
279.0
211.0
210.6
301.0
301.0
272.0
245.6
300.5
239.0
299.0
270.0
355.0
296.0
188.0
230.4
318.0
2.0
297.0
352.0
224.7
314.8
210.0
224.0
307.0
190.5
320.0
219.4
267.0
324.1
0.3
221.4
314.0
359.1
318.0
360.0
360.0
194.8
4.0
0.2
230.8
313.4
330.0
228.0
280.0
325.5
274.0
341.0
233.8
354.4
212.2
269.2
339.0
197.0
358.0
212.2
322.3
227.0
192.2
239.3
318.9
211.0
355.4
345.4
347.5
360.0
225.8
358.6
227.0
2.0
203.0
319.0
350.0
271.9
1.0
209.0
331.0
353.0
225.0
271.0
359.0
207.0
298.0
206.3
306.3
313.8
1.0
218.0
333.0
331.0
0.3
194.0
304.2
193.0
354.0
200.0
357.2
312.9
320.0
200.9
270.0
272.0
8.2
347.9
268.8
234.4
228.8
263.4
318.7
251.3
13.9
227.2
360.0
317.9
360.0
270.0
351.0
0.1
220.8
354.6
311.6
247.3
344.5
224.7
315.4
360.0
233.0
256.0
357.0
360.0
256.0
263.5
295.4
285.9
286.5
269.6
9.6
227.3
280.0
225.0
270.0
282.4
233.0
270.6
270.6
225.6
314.6
205.0
205.0
270.0
270.0
356.9
263.0
263.0
263.0
263.0
269.7
359.6
359.7
200.0
226.0
306.0
1.1
225.0
360.0
271.0
1.7
353.8
180.2
225.0
304.9
360.0
234.0
316.0
1.0
231.8
334.8
247.5
225.3
225.3
226.0
232.0
277.0
255.6
182.0
251.0
239.0
348.0
215.0
310.0
305.9
5.0
204.3
328.0
222.0
267.0
247.6
255.0
340.0
218.6
218.7
290.0
212.0
302.0
270.0
270.0
315.0
0.2
359.9
204.0
307.0
315.0
360.0
256.0
10.7
244.1
302.0
3.0
360.0
345.0
274.0
262.3
262.2
230.6
229.0
320.6
321.0
269.8
315.2
221.0
349.6
227.0
227.0
2.0
197.3
315.6
318.6
307.1
238.5
262.0
360.0
2.0
271.6
1.6
211.7
308.5
213.0
349.0
303.0
350.0
204.0
270.0
338.0
212.0
272.0
332.0
320.3
222.4
325.0
360.0
360.0
226.0
323.0
224.6
270.5
236.2
270.0
359.6
248.0
299.3
210.4
270.0
233.0
193.7
270.0
240.0
323.0
232.0
271.0
245.0
223.8
225.1
315.3
359.9
327.3
2.6
2.6
251.0
327.0
8.0
347.3
234.6
270.0
315.0
357.0
201.1
310.2
216.0
314.0
359.0
324.7
295.5
333.4
221.0
221.0
360.0
360.0
360.0
265.0
360.0
352.4
222.6
222.6
197.9
203.0
201.0
242.0
315.0
271.0
3.1
247.9
324.7
325.0
271.0
270.6
236.9
352.5
234.7
275.0
328.3
298.0
215.0
332.0
312.0
224.0
215.3
199.0
333.0
207.0
280.8
218.0
303.0
279.0
311.0
218.0
27.0
320.0
269.4
360.0
311.0
1.3
198.2
323.1
293.0
3.0
350.3
9.0
207.8
341.1
326.0
360.0
360.0
300.0
244.0
350.7
346.5
352.2
189.0
359.0
186.9
359.0
224.5
360.0
340.0
360.0
304.0
3.0
228.0
347.6
223.9
266.0
312.0
1.0
203.0
235.8
196.0
312.0
351.0
4.0
273.0
198.9
1.0
230.3
315.3
355.9
193.8
351.1
269.0
207.0
360.0
6.2
359.1
303.0
209.0
4.0
255.0
350.0
242.0
270.0
318.0
4.0
201.4
328.7
226.0
186.6
226.3
345.0
260.0
360.0
271.0
355.3
0.8
272.0
356.0
285.6
0.5
264.7
192.0
218.0
272.0
1.9
355.0
2.0
360.0
330.1
222.1
341.0
213.6
252.0
296.0
2.0
282.0
327.0
270.0
315.0
234.0
294.0
357.0
355.0
220.0
262.0
262.0
320.0
0.0
359.0
217.9
308.1
214.6
225.6
316.0
0.6
306.8
360.0
271.0
1.0
355.0
225.5
315.7
3.0
233.0
310.0
336.0
359.7
255.3
318.6
220.5
192.9
192.9
276.1
226.0
311.5
1.5
228.0
310.0
359.5
359.0
359.0
359.0
304.9
359.9
358.8
203.6
314.0
360.0
255.0
344.9
0.1
240.6
1.2
1.2
1.0
213.9
333.7
296.8
223.0
223.0
314.0
314.0
314.0
269.0
336.0
225.8
315.2
189.0
224.0
270.0
356.0
272.0
359.0
359.0
359.0
321.0
315.0
360.0
204.1
271.3
354.0
226.9
316.9
320.6
8.7
226.9
338.6
293.0
339.0
203.0
200.0
286.2
282.0
202.0
246.0
213.0
276.0
276.0
219.0
339.3
224.9
352.4
225.0
202.0
314.4
359.6
220.0
322.0
275.0
1.0
273.0
234.2
233.6
222.0
337.0
232.0
270.0
315.0
267.4
267.0
267.0
299.0
305.0
233.0
233.0
321.0
322.0
195.8
316.0
360.0
313.0
360.0
270.0
315.1
307.2
3.5
360.0
228.0
319.0
229.7
308.0
338.0
193.0
218.0
187.0
187.2
251.0
252.0
312.0
236.4
317.4
253.2
202.2
292.3
360.0
226.6
316.6
360.0
222.8
227.2
334.7
216.6
348.0
222.0
267.0
267.0
200.0
360.0
308.9
360.0
229.0
270.9
308.2
271.0
232.0
315.0
270.4
319.0
225.0
320.0
360.0
311.6
289.0
198.6
341.8
208.0
310.0
197.0
224.5
314.0
1.8
216.1
293.9
237.0
6.0
279.0
192.1
211.0
320.0
239.9
299.9
223.8
9.0
326.3
196.4
334.0
1.3
324.0
360.0
304.2
304.2
237.0
271.0
229.4
270.3
318.4
229.0
324.0
5.3
231.6
280.0
209.0
216.6
295.3
270.0
6.0
212.3
332.0
211.0
332.5
270.1
0.1
218.0
338.0
249.9
340.1
281.7
203.0
184.1
319.1
251.0
340.6
233.7
350.0
225.3
270.0
315.3
205.2
248.0
312.7
221.0
290.7
203.6
263.0
292.8
292.8
294.0
1.0
208.8
317.0
1.9
269.0
310.0
225.0
301.3
301.3
349.5
211.0
256.0
323.0
195.0
240.4
286.0
181.5
247.0
319.4
359.8
315.0
240.1
293.0
355.6
227.0
298.0
250.0
350.0
239.6
225.0
315.0
360.0
270.0
315.0
238.0
305.0
210.0
220.0
322.8
208.6
298.0
352.4
178.3
337.3
230.0
330.0
175.6
221.0
311.0
202.7
287.7
216.0
216.0
326.0
325.0
234.0
288.2
342.0
342.0
18.0
353.3
315.6
0.6
360.0
229.4
265.0
360.0
187.0
328.0
270.0
333.8
245.0
295.0
295.0
246.0
1.7
359.0
348.0
247.0
336.8
214.0
341.0
219.0
270.0
314.6
217.6
330.4
226.2
316.0
227.2
253.0
187.7
233.0
274.0
238.0
0.2
215.0
177.8
236.7
180.0
318.0
271.0
234.2
247.0
209.4
299.0
218.0
225.6
245.0
343.0
215.5
270.5
4.5
224.1
228.0
265.0
218.0
252.4
196.1
218.0
258.0
308.0
355.0
275.5
215.0
271.7
236.0
273.0
221.8
270.0
315.2
360.0
224.2
320.5
270.0
332.0
180.0
225.0
339.0
227.0
270.0
317.0
360.0
230.5
320.5
288.0
269.0
359.0
359.0
227.0
289.0
346.0
225.5
224.7
225.0
293.6
360.0
267.8
325.2
325.2
0.5
225.0
315.0
315.0
360.0
226.0
271.0
316.0
360.0
270.0
313.0
358.9
188.1
229.1
306.0
222.3
270.8
334.1
281.0
315.0
269.9
315.1
220.9
314.0
225.5
225.5
315.5
315.5
255.4
255.4
290.5
336.0
336.0
189.0
189.0
279.0
194.6
314.7
274.0
186.0
248.0
248.0
218.9
322.3
5.6
223.0
271.0
337.0
314.4
314.4
359.4
359.4
212.0
253.0
311.0
336.0
223.0
272.0
344.5
219.0
219.0
270.0
270.0
315.0
315.0
360.0
360.0
285.2
285.1
227.0
274.0
317.0
360.0
312.6
223.8
285.0
222.1
222.1
313.4
313.8
247.3
246.0
322.0
337.7
337.7
267.0
335.0
206.5
315.4
315.3
360.0
292.3
269.0
277.0
195.0
224.1
224.1
269.1
359.1
270.0
302.0
15.5
270.0
250.0
353.0
331.1
294.4
358.0
315.3
16.2
314.4
314.0
10.0
341.5
323.0
360.0
291.5
357.0
348.6
360.0
345.7
19.1
270.0
205.0
337.1
360.0
7.0
0.1
15.8
360.0
209.7
335.0
324.0
359.9
305.0
202.0
228.7
308.6
341.3
266.0
340.0
213.1
224.0
292.2
292.0
310.0
345.0
303.2
224.0
315.0
180.0
300.0
260.0
360.0
333.9
4.5
220.0
290.0
217.0
272.0
335.2
210.0
300.0
345.0
316.1
359.1
205.7
270.0
321.9
214.0
244.0
342.0
270.0
349.0
225.1
283.8
309.0
199.4
322.0
329.7
269.9
324.3
222.3
301.7
347.3
224.8
269.8
359.8
343.0
256.0
182.6
222.3
315.0
0.5
359.9
0.1
253.5
315.1
360.0
360.0
360.0
270.0
224.8
315.3
225.0
359.0
313.6
313.8
300.4
202.0
277.0
212.0
328.0
300.0
187.7
284.0
11.0
226.2
209.8
330.0
360.0
215.8
287.2
315.0
2.5
324.4
324.4
360.0
246.0
9.0
220.0
259.0
310.0
348.0
300.0
356.0
222.8
318.9
254.0
344.0
339.0
217.0
357.0
270.0
270.0
215.0
225.3
315.3
0.3
210.0
347.0
224.0
315.0
267.0
267.0
302.0
240.0
299.6
360.0
298.0
257.0
180.0
214.0
270.0
325.0
334.7
318.0
219.0
222.0
270.0
270.0
270.0
270.0
270.0
270.0
320.0
320.0
360.0
181.0
223.3
307.0
218.0
308.0
222.2
317.1
273.9
318.0
235.0
359.7
247.0
310.8
352.0
238.0
309.4
0.5
225.0
271.0
228.7
267.1
267.1
316.2
317.0
295.0
360.0
241.0
330.0
225.0
315.0
216.1
359.7
213.0
324.0
298.0
227.7
332.8
197.0
247.1
304.0
232.0
358.0
269.0
335.0
231.6
311.3
359.8
189.3
309.3
356.0
270.0
190.0
313.0
351.0
226.0
270.0
360.0
270.5
336.0
270.0
347.7
241.0
314.0
1.0
307.4
213.0
238.0
296.0
306.0
281.0
324.0
283.0
271.0
317.9
242.5
211.2
3.3
240.0
299.9
360.0
234.9
281.8
219.6
299.8
0.1
206.2
233.0
247.2
335.2
225.0
336.5
314.0
360.0
359.0
224.0
319.0
314.0
314.0
252.3
322.0
359.8
338.0
188.0
239.0
273.0
273.0
315.0
196.0
264.0
274.0
263.0
358.0
236.0
273.0
303.0
290.0
319.0
266.4
337.4
200.5
201.0
270.0
308.0
360.0
225.0
299.0
299.0
347.0
177.0
270.0
281.2
326.2
290.0
343.1
261.9
350.1
209.0
269.0
329.0
226.0
271.0
187.6
246.7
307.6
287.0
319.0
192.8
237.8
322.7
217.0
352.3
244.0
354.0
255.6
255.5
256.0
339.1
216.1
274.7
243.2
308.2
196.4
270.0
270.0
270.1
218.5
307.0
360.0
220.0
268.0
351.0
351.0
351.0
225.0
360.0
214.8
269.9
314.8
359.8
268.4
257.2
321.0
272.0
271.9
272.0
316.4
345.4
1.3
202.0
275.0
315.0
360.0
360.0
235.0
324.4
269.0
299.0
224.7
314.7
202.0
341.1
231.7
266.2
357.8
233.0
278.0
323.0
192.0
347.0
197.4
302.8
360.0
228.3
320.8
338.0
218.3
312.3
258.0
347.0
239.0
221.4
273.2
273.2
340.5
1.4
301.1
5.0
230.7
230.8
319.0
265.0
224.0
325.0
360.0
240.0
300.9
360.0
225.0
360.0
200.0
314.0
315.0
166.4
255.6
346.0
277.0
4.0
208.5
323.8
221.3
221.3
316.5
271.0
320.0
232.0
320.7
359.0
217.2
321.2
359.2
202.9
269.9
230.0
336.0
226.0
226.0
316.0
244.2
302.9
232.1
329.0
270.6
0.5
203.8
323.5
323.5
270.2
315.2
0.2
222.8
313.1
224.0
221.0
268.0
268.0
358.0
235.0
239.1
220.0
290.0
349.0
0.1
315.4
265.0
268.3
268.3
313.0
358.3
270.4
338.7
19.0
245.0
248.1
324.9
239.0
212.0
321.7
191.9
242.9
189.0
272.0
314.0
360.0
325.8
11.8
230.7
318.0
315.1
360.0
360.0
344.0
267.0
312.0
360.0
224.0
359.0
243.0
298.0
339.0
275.0
343.3
213.0
359.0
359.0
230.4
220.0
310.0
210.1
243.0
231.1
359.9
268.0
218.0
310.0
250.5
342.3
227.3
296.8
327.8
312.5
218.5
264.2
7.0
217.0
312.0
283.1
358.6
241.9
331.8
305.3
2.9
315.1
0.1
215.1
320.9
360.0
348.1
219.4
314.9
224.0
268.6
345.6
318.0
360.0
317.0
8.1
285.1
360.0
187.0
320.6
218.1
310.1
320.0
360.0
301.4
352.2
237.9
322.0
354.4
302.0
240.0
360.0
225.0
225.0
315.0
355.0
269.7
226.0
185.0
245.0
283.2
333.0
306.0
350.0
273.0
232.7
268.3
328.0
251.3
322.9
322.9
193.4
237.4
327.7
235.2
280.0
325.0
205.0
272.8
259.2
233.0
315.4
329.3
204.3
294.3
289.0
282.0
193.0
291.0
280.5
325.4
10.5
10.0
225.2
283.2
219.3
206.0
275.0
314.0
184.9
249.9
314.0
319.2
276.6
230.6
330.1
330.0
224.7
323.2
280.0
270.0
360.0
360.0
239.0
283.0
356.0
354.0
358.0
230.0
328.0
212.0
242.0
267.0
199.0
340.0
225.0
315.1
0.1
249.0
347.0
321.0
1.5
190.7
310.7
219.6
3.0
250.0
258.0
348.0
270.0
323.0
214.1
0.0
0.0
249.0
336.0
352.0
223.8
319.0
210.0
354.0
360.0
206.0
312.0
271.8
345.8
234.0
214.2
257.6
255.0
308.2
196.0
179.0
299.0
288.0
228.8
244.0
193.3
193.3
313.0
236.0
308.0
213.3
234.0
295.1
270.0
332.4
6.0
316.0
250.3
250.3
347.0
233.0
293.3
341.3
268.8
270.0
360.0
224.0
317.0
222.4
292.7
250.0
345.0
321.0
358.0
224.0
360.0
240.0
357.2
269.0
16.0
347.0
239.6
314.1
360.0
322.0
314.7
235.0
360.0
270.0
351.0
300.0
352.0
270.0
199.7
11.0
270.0
360.0
327.0
345.0
268.0
307.0
306.0
236.0
271.3
280.0
288.0
336.0
328.0
296.0
267.0
270.0
270.0
314.0
270.5
245.0
267.0
246.0
213.0
313.3
359.6
272.0
315.0
215.1
291.7
346.7
286.0
270.0
0.3
221.0
312.0
312.0
180.0
271.0
189.0
325.0
268.5
345.7
345.7
250.4
215.0
310.0
268.8
268.8
359.0
309.0
269.8
304.0
332.9
214.0
341.0
245.0
309.0
217.0
307.0
314.4
360.0
271.0
206.0
268.0
314.7
307.6
307.6
226.3
223.0
305.0
269.0
291.0
345.0
345.4
223.8
275.6
275.6
204.0
297.1
360.0
360.0
360.0
282.1
282.1
359.6
225.0
270.0
315.0
360.0
338.9
326.0
219.0
329.2
270.0
312.5
360.0
224.0
270.0
314.0
0.0
270.7
1.0
225.8
270.0
270.0
269.9
360.0
234.0
234.0
178.6
238.2
300.0
208.0
208.0
298.0
298.0
209.2
243.7
326.4
315.0
212.0
319.7
202.0
322.0
234.2
324.2
201.0
242.0
306.0
342.0
355.3
343.0
272.0
2.0
203.0
218.2
335.5
248.0
248.0
320.8
336.3
240.8
323.0
304.6
204.0
0.7
11.0
319.0
319.0
318.8
217.0
328.3
223.2
277.5
7.3
222.4
270.1
312.0
247.0
342.1
327.4
0.3
236.0
247.0
314.0
355.0
333.0
355.0
354.9
360.0
330.0
1.0
5.3
270.0
344.0
234.4
235.4
360.0
319.0
215.0
259.0
229.0
312.0
360.0
360.0
0.4
189.7
231.0
308.0
223.0
1.0
1.0
8.0
224.6
248.7
289.0
346.6
223.2
314.0
215.9
315.5
207.8
207.8
340.9
187.5
270.0
360.0
314.5
360.0
276.8
327.8
333.2
216.0
315.0
10.0
226.2
317.7
227.6
255.9
221.6
349.0
221.0
270.0
315.0
242.0
360.0
1.0
221.5
307.0
360.0
313.3
338.3
338.3
338.3
0.5
306.2
5.6
249.0
250.1
0.1
317.5
214.7
193.0
216.0
346.0
218.0
314.0
251.0
310.0
214.7
214.7
282.5
325.4
216.0
334.0
317.0
239.0
316.0
209.6
300.0
359.0
315.8
360.0
225.0
345.8
243.0
302.0
302.0
302.0
270.7
307.7
326.0
209.0
337.0
248.0
290.0
334.0
360.0
193.0
273.0
325.0
258.0
258.0
221.0
227.7
227.7
216.7
319.3
316.0
1.0
200.0
225.3
270.2
315.0
0.4
269.0
309.0
276.8
272.0
258.3
329.5
346.1
224.5
313.0
359.5
226.9
354.0
223.4
317.4
353.6
216.8
277.7
325.0
325.0
19.1
359.3
229.0
267.3
313.8
192.0
191.0
212.0
344.9
309.0
360.0
340.0
303.0
223.9
313.0
1.0
255.4
334.5
323.0
330.0
360.0
360.0
317.2
360.0
344.0
358.0
360.0
231.3
306.2
322.6
359.9
334.0
359.5
314.3
197.6
360.0
360.0
322.0
321.0
220.9
325.8
358.7
345.8
326.7
314.2
1.0
360.0
318.0
1.0
360.0
224.9
286.1
207.0
287.7
270.0
270.0
359.0
320.0
227.0
315.0
358.0
225.0
270.0
221.0
297.0
360.0
201.4
260.1
305.7
324.5
346.7
270.0
311.5
230.5
254.0
235.9
359.9
219.0
314.0
183.2
228.0
314.0
270.0
285.0
319.7
188.9
189.0
237.8
269.2
315.0
360.0
269.0
335.0
298.2
311.0
0.1
223.8
269.6
315.1
360.0
7.0
269.1
359.0
231.0
300.0
359.0
2.0
277.0
355.0
270.0
198.0
359.0
269.0
359.0
327.0
211.0
274.0
329.0
267.0
267.0
307.0
359.0
210.0
335.0
270.0
360.0
270.0
321.2
337.2
308.5
308.5
224.7
346.0
201.0
268.0
249.0
323.0
247.0
337.0
229.1
314.3
1.7
208.5
295.4
272.0
2.0
2.0
217.0
353.0
305.0
345.0
207.6
342.6
333.5
2.0
270.0
359.0
222.6
269.0
209.9
300.1
325.2
360.0
315.0
360.0
359.0
244.4
304.0
200.6
269.0
202.5
227.0
325.7
330.0
269.4
3.1
3.1
360.0
315.0
315.0
225.0
212.8
230.1
274.0
360.0
219.0
315.0
220.0
313.0
338.0
12.9
359.0
359.1
271.0
316.0
243.0
323.0
228.0
286.0
3.0
226.0
315.0
221.0
359.0
225.1
315.1
0.2
224.8
224.8
212.2
351.5
214.0
310.0
354.0
232.0
204.0
290.0
359.0
343.3
201.7
330.2
296.0
228.0
359.0
239.0
3.1
360.0
293.0
8.1
322.5
261.0
352.0
264.5
328.3
16.4
206.0
5.0
316.0
246.0
285.8
351.8
270.0
360.0
316.0
296.0
328.0
351.0
273.0
341.0
360.0
8.0
276.0
203.2
7.0
271.0
6.0
359.0
6.0
219.7
298.9
186.0
296.0
230.0
272.5
336.7
282.0
357.9
228.0
324.0
238.0
220.2
315.3
359.3
179.0
348.4
359.7
279.0
230.0
331.0
309.7
360.0
326.0
240.7
0.9
197.0
260.0
232.6
244.3
271.0
269.1
359.9
347.0
5.8
203.8
323.6
240.0
335.0
271.4
330.0
266.6
191.2
0.5
0.3
249.8
316.5
0.4
214.0
247.4
312.5
312.0
359.9
225.0
360.0
222.0
360.0
243.0
312.0
269.0
359.0
5.0
268.5
338.9
268.6
314.3
314.3
224.5
264.4
227.0
317.0
1.7
275.7
314.9
236.0
188.0
269.7
359.7
216.0
306.0
351.0
270.0
306.0
225.0
268.0
315.0
269.5
0.8
355.5
355.5
269.0
183.5
192.0
300.0
270.0
3.8
270.0
270.0
360.0
360.0
216.0
291.0
291.0
214.5
278.0
266.9
272.0
341.0
216.0
325.0
218.1
220.9
278.0
220.5
309.0
226.9
348.6
359.6
342.0
210.4
270.5
330.6
241.9
278.2
290.0
284.0
198.9
279.7
197.8
220.3
222.9
311.7
322.1
214.6
207.7
177.0
230.0
323.7
342.0
225.0
218.0
230.0
280.0
302.0
213.0
270.0
337.0
234.0
259.9
315.0
360.0
226.0
309.0
319.0
252.1
320.0
360.0
325.2
358.2
219.5
339.6
324.0
225.8
352.8
236.9
298.5
355.0
233.1
310.0
212.3
280.0
210.7
305.3
179.6
269.6
230.0
300.0
0.5
206.3
333.0
360.0
232.0
313.0
239.0
347.0
270.0
235.0
317.0
212.0
336.0
225.0
270.0
315.0
360.0
225.0
270.0
321.0
207.3
359.0
321.0
360.0
270.0
359.0
315.0
271.0
318.0
225.0
318.5
1.0
193.0
235.0
286.0
332.0
353.0
239.1
315.0
308.0
339.7
223.9
234.0
266.0
310.0
328.0
203.0
337.1
343.3
235.6
325.4
256.0
355.0
335.1
269.0
223.0
314.0
234.7
251.0
230.0
262.0
312.0
202.0
294.0
186.0
293.0
277.8
270.6
359.0
247.0
360.0
309.0
0.1
269.0
360.0
282.0
227.0
272.0
354.3
213.1
353.2
227.0
227.0
269.0
269.0
316.0
240.0
290.0
201.0
320.0
225.0
315.0
232.0
0.8
357.0
314.0
199.9
246.4
211.0
277.8
360.0
223.0
213.8
332.5
14.0
271.1
2.5
270.0
2.2
353.5
192.0
317.0
354.0
294.6
293.2
340.0
233.2
290.9
299.7
286.9
359.7
307.3
274.0
224.0
278.0
310.0
307.0
260.4
282.5
282.6
235.3
235.3
275.0
270.3
350.0
270.0
338.5
277.0
287.0
343.0
225.0
279.0
290.0
288.0
298.0
283.0
282.8
291.0
268.0
19.0
255.0
271.0
323.7
215.0
282.0
233.0
340.3
227.0
222.0
316.0
352.3
265.1
267.4
279.7
253.0
289.0
303.0
209.0
277.0
296.6
268.0
327.6
225.0
236.0
199.0
246.0
246.0
306.0
249.0
237.0
211.0
214.0
313.0
274.0
274.0
313.0
331.4
1.3
194.0
269.5
225.2
224.9
302.0
302.0
242.1
275.0
201.4
253.8
226.1
225.8
315.9
225.0
240.0
324.2
324.2
1.0
1.7
299.0
313.0
188.0
189.0
189.0
226.0
199.8
271.7
296.0
287.3
347.3
238.6
238.6
298.0
332.0
317.2
244.9
187.0
216.0
249.0
291.0
276.9
208.0
254.0
231.0
200.0
219.0
346.0
211.0
227.0
220.9
223.0
218.0
296.3
225.2
324.0
215.9
191.4
290.1
300.0
300.0
270.0
245.0
341.0
241.0
271.0
233.0
233.0
264.0
237.0
300.0
270.0
313.0
290.0
296.0
292.0
237.0
226.0
287.0
274.0
295.0
230.0
264.0
273.0
212.0
347.0
214.0
267.0
248.0
323.0
323.0
305.0
297.0
200.0
277.0
294.0
269.0
309.0
291.0
334.0
254.0
254.0
270.0
321.0
335.0
322.0
277.0
310.0
280.0
283.0
282.0
262.0
295.0
315.0
333.0
4.0
184.0
215.0
272.0
316.0
263.0
287.0
303.0
274.0
240.0
215.0
213.0
292.0
203.0
193.0
287.0
255.0
255.0
234.0
216.0
323.0
254.0
279.0
278.0
257.0
191.0
201.0
201.0
205.0
197.0
197.0
235.0
259.0
259.0
312.0
222.0
222.0
279.9
356.0
356.0
3.0
216.0
333.0
4.0
331.0
331.0
189.0
334.0
360.0
196.0
1.0
2.0
231.0
263.2
298.0
273.0
209.0
185.0
216.0
219.1
260.4
250.0
236.5
237.9
230.4
231.0
343.0
359.0
227.5
204.9
275.0
359.0
304.0
4.0
356.0
188.0
262.0
262.0
239.0
322.0
350.7
297.0
223.0
355.0
355.0
354.0
328.2
328.0
195.0
219.0
200.0
187.0
187.0
270.0
290.0
187.0
188.0
330.0
213.0
343.0
333.0
326.0
268.4
310.2
224.0
353.0
353.0
355.0
333.0
277.0
313.7
314.4
225.0
225.0
324.0
308.0
328.0
307.0
193.0
304.0
304.0
274.0
349.0
290.0
340.1
258.0
206.0
206.0
305.0
312.0
264.0
338.0
240.0
222.0
305.0
278.5
276.0
219.9
224.0
202.0
204.0
314.0
249.0
282.0
221.3
302.0
195.0
205.0
322.0
233.0
233.0
206.0
249.0
266.0
245.1
265.0
265.1
265.3
266.0
217.0
287.0
271.0
271.0
271.0
262.0
262.0
193.0
283.0
250.0
250.0
198.0
242.0
254.0
247.0
247.0
299.0
299.0
225.0
298.0
268.0
293.0
293.0
246.0
232.0
354.0
353.7
272.0
271.0
193.6
360.0
360.0
301.8
197.0
228.0
233.0
237.0
195.0
258.0
217.0
292.1
262.0
251.0
251.0
280.7
295.0
350.0
287.0
245.0
297.0
196.0
252.0
282.0
253.0
232.0
305.0
305.0
231.0
308.0
200.0
281.0
322.0
287.1
213.0
274.0
208.0
238.7
221.0
270.0
333.0
219.0
262.0
253.0
257.0
335.0
195.0
355.0
265.0
209.0
209.0
293.0
295.0
259.4
209.0
199.0
201.0
228.7
1.0
218.0
293.0
290.0
231.0
315.0
357.0
242.0
278.0
239.0
187.4
195.0
268.0
332.0
266.6
345.0
253.0
216.6
216.6
308.0
261.0
360.0
190.0
332.0
322.0
275.0
306.0
0.4
302.0
206.0
326.0
349.0
317.0
328.0
304.0
349.0
273.0
235.0
323.0
324.0
223.0
259.0
259.1
262.0
340.0
328.0
330.0
248.0
259.7
322.1
250.1
3.2
3.0
291.0
199.0
274.0
1.0
241.0
339.0
230.5
356.0
285.0
200.0
203.0
284.0
346.3
211.0
343.0
354.0
312.0
312.0
274.0
228.0
228.0
338.5
303.0
1.0
1.0
355.0
337.0
300.0
299.2
339.1
341.8
345.0
347.0
201.0
322.0
347.0
348.0
353.0
209.0
350.0
358.0
294.0
349.0
247.0
303.0
336.0
349.0
326.0
217.5
233.0
317.0
321.0
321.0
279.0
228.0
264.0
261.0
208.0
256.0
204.0
246.9
354.7
293.0
333.0
308.0
278.0
278.0
256.0
255.2
290.0
21.0
198.0
261.0
270.0
1.0
289.0
205.0
347.0
347.0
318.0
233.0
313.0
301.0
336.0
339.6
356.0
225.0
281.0
281.5
360.0
349.6
349.6
285.0
301.0
3.0
274.0
285.0
356.0
356.0
348.0
197.0
298.4
265.0
212.0
228.0
190.0
190.6
296.0
297.0
265.0
249.0
239.0
297.0
315.0
254.7
315.0
270.0
308.0
262.0
220.0
226.0
225.0
222.0
222.0
358.0
332.0
310.1
309.9
250.0
343.0
343.0
343.0
214.9
1.0
232.0
340.0
304.5
239.9
238.1
217.0
217.0
228.0
211.0
211.0
340.0
218.0
218.0
219.0
194.0
360.0
324.0
269.0
306.4
326.0
326.0
331.0
322.0
260.0
240.0
267.0
254.0
317.0
282.0
282.0
233.0
233.0
129.0
218.0
319.0
335.0
240.0
270.0
345.0
317.0
278.0
288.0
264.0
291.0
305.0
188.0
331.0
331.0
234.0
238.0
238.0
246.0
318.0
303.0
249.0
249.0
282.0
314.0
242.0
304.0
199.0
206.0
206.0
297.0
267.0
267.0
205.0
205.0
205.0
293.0
290.0
326.0
342.0
236.4
226.0
231.0
225.0
335.0
246.6
246.7
232.0
258.0
258.0
198.0
198.0
226.1
309.0
258.0
359.0
273.0
273.0
273.0
347.0
347.0
335.0
266.0
273.0
257.0
302.0
263.0
236.0
236.0
249.0
308.0
246.0
217.0
245.0
307.0
214.0
288.0
225.0
267.0
267.0
313.0
313.0
265.0
251.0
315.0
197.0
304.0
252.0
252.0
264.0
2.0
332.0
210.0
309.0
235.0
325.0
325.0
296.0
340.0
274.0
274.0
267.0
272.0
255.0
231.0
323.0
312.0
300.0
300.0
315.0
285.1
281.0
265.0
265.0
292.0
197.0
277.0
277.0
334.0
289.0
314.0
260.0
283.0
259.0
205.0
307.0
326.8
209.0
260.0
301.4
8.0
316.5
331.0
331.0
4.0
277.8
191.0
218.0
339.0
285.0
285.0
323.0
233.0
291.6
291.6
284.0
234.0
330.0
213.0
265.0
189.6
257.0
256.8
257.0
326.9
202.0
202.0
266.0
288.0
325.0
246.8
246.5
294.0
207.0
236.0
315.0
277.0
126.0
352.0
268.6
268.9
269.0
199.0
344.0
349.0
349.0
261.0
286.0
286.0
267.0
267.0
337.0
296.1
344.0
250.0
250.0
260.9
261.0
326.1
213.0
345.0
208.0
316.0
351.0
194.0
186.4
185.9
242.0
337.1
344.0
184.0
251.5
346.0
280.0
256.7
270.0
354.0
194.0
320.7
224.7
182.0
186.5
252.0
206.0
356.0
291.6
263.0
287.0
352.8
358.0
202.0
348.0
297.0
315.0
257.0
297.0
335.0
197.7
179.0
301.0
350.0
338.0
297.0
276.0
206.3
5.0
223.5
275.0
345.0
279.0
254.0
326.0
6.0
259.0
289.0
336.0
269.0
334.0
191.0
264.0
264.0
273.0
271.0
193.0
343.0
347.0
254.0
290.0
323.0
234.0
275.0
225.5
226.0
261.0
253.0
253.0
253.0
212.0
191.0
287.8
288.3
217.6
275.2
228.4
254.0
280.0
315.0
352.0
198.9
320.1
320.0
320.0
242.0
242.0
244.0
246.0
250.0
276.0
317.2
335.0
258.0
258.0
258.0
193.0
271.0
271.0
279.0
279.0
209.0
243.0
240.0
270.0
216.3
215.4
293.0
293.0
212.8
234.0
232.9
313.0
314.0
6.0
6.0
6.0
285.0
285.0
2.0
197.0
197.0
227.0
234.6
198.0
211.0
256.0
293.0
229.0
239.0
297.0
239.0
358.0
358.0
266.0
2.2
1.0
221.0
270.0
347.0
347.0
348.0
356.0
328.0
339.0
271.0
265.0
3.0
276.0
254.5
255.0
195.3
319.0
319.0
229.0
245.6
224.9
360.0
273.0
251.0
282.0
342.6
291.0
307.2
228.2
268.1
268.0
244.4
292.2
218.0
206.0
296.0
248.3
234.0
256.0
345.0
229.0
217.0
216.0
300.0
222.0
295.0
353.0
269.0
229.6
233.7
284.0
257.0
313.5
244.0
195.8
208.0
354.0
354.0
354.0
354.0
354.0
333.4
251.0
268.0
221.2
308.0
317.0
322.0
346.0
349.4
350.4
301.0
198.0
345.0
267.6
270.0
357.3
315.3
336.5
302.0
305.0
305.0
305.0
313.0
2.0
293.0
4.3
272.0
319.0
287.0
192.2
192.1
341.3
224.0
314.0
193.0
198.0
260.0
194.0
2.0
212.8
222.8
274.0
245.0
288.0
284.0
249.6
273.0
278.0
310.5
279.5
298.0
289.0
254.0
186.4
289.0
254.0
263.0
253.0
341.0
206.0
283.0
167.0
333.8
270.2
282.8
211.4
197.4
307.7
268.0
229.8
336.7
290.9
247.0
220.0
295.2
246.0
350.0
237.6
199.0
241.2
354.0
193.0
323.6
190.0
266.0
292.0
245.5
266.7
311.1
268.0
353.0
248.8
197.3
321.0
216.9
359.8
305.6
348.3
253.3
340.6
285.1
238.3
260.7
205.7
329.0
296.2
289.0
212.6
290.0
311.0
208.7
276.3
236.0
321.7
316.4
272.1
349.5
322.2
199.5
250.0
261.9
246.0
353.9
234.8
216.0
260.4
285.0
215.0
300.3
353.7
305.6
328.5
343.3
13.1
215.7
282.9
247.0
288.0
209.9
212.0
302.0
229.0
3.0
259.1
211.0
313.0
320.0
240.1
330.0
336.7
213.0
288.1
317.0
346.1
218.5
336.0
280.3
236.0
10.8
10.8
336.5
0.8
275.0
235.2
296.0
218.0
206.0
303.4
210.0
293.0
209.0
314.0
323.0
239.0
306.0
253.9
333.3
220.0
0.3
359.9
266.4
227.2
202.6
280.0
314.0
7.7
353.0
336.2
285.0
1.0
298.4
234.7
197.8
252.7
252.7
239.4
239.4
301.0
345.0
273.0
354.2
331.0
195.7
269.1
357.8
213.5
306.8
211.3
302.9
281.0
227.0
272.7
280.8
320.9
353.7
320.0
299.0
225.0
225.0
225.0
227.4
329.2
197.7
359.1
271.0
316.0
328.0
279.0
279.6
325.0
10.3
356.0
336.8
235.4
303.6
303.6
267.0
281.0
11.0
208.0
268.0
271.6
8.4
286.0
273.9
272.9
332.6
254.2
3.9
275.0
236.9
279.0
214.0
209.0
286.1
269.0
277.0
231.0
272.1
311.4
358.9
290.0
272.0
268.1
360.0
309.0
229.1
276.2
2.0
301.1
196.0
358.8
3.4
257.0
246.0
267.0
192.0
211.6
218.0
2.0
0.0
186.0
341.0
355.0
345.0
211.0
209.5
263.4
218.0
199.6
189.7
344.4
0.4
276.4
219.7
271.6
259.6
213.0
315.1
216.2
250.0
240.0
326.0
216.0
249.1
263.0
212.9
275.0
221.0
185.9
261.4
224.0
212.0
357.0
240.0
270.0
336.5
191.2
250.0
360.0
333.5
324.0
247.2
298.6
255.0
219.0
266.0
185.0
267.0
270.0
335.0
267.6
248.0
244.0
251.0
196.0
296.0
248.0
269.0
359.0
256.9
270.3
346.0
234.0
226.0
241.0
263.0
251.0
273.2
243.0
254.0
235.9
228.0
352.0
201.9
183.9
233.8
294.7
256.1
251.5
230.2
206.3
232.0
236.0
224.7
264.0
256.0
355.0
330.0
270.0
217.0
226.0
279.0
334.0
225.4
302.2
291.8
349.7
339.8
2.0
202.1
277.0
228.9
195.0
311.0
262.7
270.0
281.0
268.0
291.7
306.6
278.7
313.0
307.0
285.0
303.0
270.0
291.3
265.7
266.7
298.0
248.2
324.8
205.0
267.7
344.0
241.0
275.0
272.0
303.0
236.0
270.0
315.0
309.7
270.0
275.1
257.0
175.0
256.0
347.0
346.0
244.0
298.0
311.0
303.5
238.5
295.1
265.0
221.0
270.0
181.0
199.1
285.8
333.9
270.0
3.0
357.0
338.0
217.8
284.4
289.0
335.0
325.9
301.9
1.2
300.4
276.2
241.0
277.2
333.0
289.9
330.0
250.0
271.1
232.0
343.0
240.0
270.0
201.0
270.0
225.0
315.0
250.7
360.0
356.0
197.0
351.0
278.0
269.0
314.1
240.2
270.0
234.3
288.0
228.4
252.6
329.7
265.2
255.4
305.7
244.6
236.1
316.5
208.5
303.4
292.5
260.2
296.5
17.1
12.0
250.8
268.5
263.0
266.2
248.5
211.3
304.4
11.8
286.5
259.5
315.1
314.8
269.1
263.9
200.0
331.0
210.9
324.9
355.6
8.5
16.1
343.8
309.0
297.9
297.9
337.6
287.2
279.9
294.1
247.5
314.9
358.6
318.9
325.6
323.0
301.1
286.0
286.0
296.2
20.0
235.0
230.0
333.0
207.5
251.0
251.5
311.0
16.0
227.5
227.5
272.0
227.0
268.0
312.0
1.0
281.4
217.7
221.0
311.0
252.1
236.0
299.0
168.0
227.6
296.8
345.5
345.1
351.0
237.9
327.0
275.0
275.0
16.0
16.0
207.2
207.0
211.1
311.1
218.5
348.5
345.5
323.0
21.3
213.9
339.6
340.1
335.2
281.8
258.0
267.0
254.2
302.1
246.5
246.0
336.7
268.5
6.0
5.0
221.7
221.7
262.7
6.7
245.0
244.6
272.6
320.9
289.0
289.0
348.2
222.9
316.7
27.0
270.4
270.4
314.0
313.7
0.7
0.7
256.0
345.0
245.0
26.0
25.0
324.9
308.8
232.0
277.0
276.0
4.0
222.5
220.0
312.9
351.5
230.0
268.0
266.0
306.3
26.0
115.9
318.5
293.1
293.1
244.0
244.0
314.0
14.0
3.0
355.4
233.0
278.0
279.6
261.0
343.8
237.8
286.1
311.1
308.1
308.1
341.1
222.0
356.0
0.0
354.8
246.0
185.0
7.0
209.0
209.0
311.0
287.0
235.0
323.2
245.8
246.0
2.5
246.0
302.0
293.0
303.0
303.0
333.8
294.0
352.0
295.0
353.0
201.0
192.0
325.8
355.7
213.0
330.7
331.6
214.0
308.4
329.0
309.0
344.9
250.8
6.0
330.2
345.0
345.0
333.8
345.0
345.0
330.0
333.0
286.0
4.0
330.0
347.0
335.1
340.0
340.0
340.0
309.9
240.2
320.9
342.6
349.0
4.0
240.0
335.0
338.0
322.0
348.3
347.7
358.0
343.5
355.0
333.0
294.0
330.0
330.0
344.0
285.0
332.0
188.0
298.0
266.3
267.1
265.0
279.8
281.2
245.0
312.9
254.7
352.2
351.0
334.2
285.0
359.0
320.0
282.0
331.0
283.2
347.0
268.0
297.0
298.5
294.9
334.0
330.0
324.6
324.6
320.6
320.6
316.5
304.6
302.3
317.1
305.0
305.0
317.0
304.1
263.0
312.0
312.0
254.3
294.8
274.9
274.9
262.0
308.8
314.5
307.7
291.4
296.0
322.0
293.0
198.0
257.0
272.1
250.0
256.1
290.7
258.0
258.0
265.0
265.9
326.7
273.8
284.9
259.2
239.1
310.0
309.7
281.8
292.2
227.2
289.0
288.8
269.0
289.0
289.0
279.9
319.0
308.0
207.8
207.8
308.7
338.0
302.6
258.8
229.5
292.0
312.0
258.7
278.7
325.2
251.1
313.6
313.6
250.3
274.8
332.2
284.9
314.0
258.6
289.0
310.0
341.0
320.0
262.0
269.0
293.9
294.4
294.3
312.5
337.0
329.9
265.0
290.7
213.0
308.9
308.9
306.5
313.0
347.0
270.9
270.9
353.0
353.0
350.9
312.7
285.8
261.4
261.4
245.0
199.0
311.0
282.0
310.4
260.0
311.1
354.9
356.5
353.3
357.0
300.2
300.0
1.4
335.0
335.0
360.0
360.0
270.0
348.0
352.0
212.9
345.8
357.0
242.0
226.3
225.0
310.9
308.0
308.0
308.2
350.0
314.0
187.0
307.0
307.0
311.0
311.0
327.0
313.0
301.0
301.0
350.0
269.0
300.0
301.0
292.0
344.8
333.0
302.0
337.9
193.9
246.7
346.8
265.0
265.0
244.6
316.2
251.0
354.1
353.0
300.3
280.2
218.7
257.5
203.7
341.7
237.6
347.3
353.0
240.8
351.0
230.0
348.0
204.9
201.0
207.0
305.0
343.0
230.1
330.1
331.0
209.4
246.0
241.0
353.0
1.0
198.8
255.4
320.0
250.0
343.0
258.9
207.0
0.8
298.8
216.0
249.0
252.0
270.0
243.0
281.0
280.0
327.0
327.3
254.5
254.3
1.0
1.0
317.0
315.9
312.0
241.1
241.1
257.0
225.0
269.9
301.0
3.3
201.0
0.1
311.9
238.4
355.9
322.7
316.0
316.0
194.6
298.2
330.0
330.0
272.0
272.0
193.0
327.0
332.6
259.0
320.5
232.0
186.3
186.3
240.7
263.0
271.6
280.0
328.0
17.0
346.0
268.6
268.5
268.5
299.3
299.4
305.7
325.7
330.0
330.0
338.0
318.9
332.0
331.7
313.3
325.3
317.9
277.0
332.5
343.5
322.4
322.5
312.9
318.5
340.7
298.4
298.5
289.0
288.6
272.6
279.0
236.0
236.0
244.4
244.0
280.0
242.8
242.8
224.0
291.0
280.0
240.0
239.0
269.4
254.9
329.9
280.5
221.0
281.0
269.0
269.5
356.4
277.3
228.0
228.0
290.0
289.0
219.0
357.0
263.0
338.2
338.0
320.1
336.0
336.0
252.1
342.1
257.0
315.1
239.0
353.0
262.0
206.0
242.0
359.6
206.0
248.5
188.0
315.0
331.5
218.0
295.1
225.0
251.0
345.0
293.0
360.0
359.8
198.0
273.0
203.0
203.0
308.0
210.0
272.0
305.0
302.0
271.0
270.0
212.3
219.0
204.0
338.0
275.0
233.0
357.0
1.0
214.0
293.0
294.2
0.7
212.0
217.0
217.9
306.5
222.0
241.0
5.0
206.5
265.0
272.0
307.0
22.3
315.6
21.0
260.0
360.0
9.0
342.0
339.0
356.7
211.0
211.0
310.0
218.0
218.0
218.0
218.0
269.0
310.0
292.0
22.0
243.0
270.0
270.0
332.0
345.0
297.0
351.0
216.0
352.0
270.0
221.0
315.0
220.0
224.0
1.0
211.0
231.1
290.0
235.0
328.6
13.0
359.0
252.0
229.7
320.0
262.0
272.0
9.0
97.0
18.0
263.0
9.0
285.0
286.0
242.0
346.0
204.0
312.0
16.3
270.0
218.0
316.0
227.0
215.0
261.0
227.0
281.0
220.0
248.0
359.0
214.0
329.0
225.0
212.0
212.0
246.1
270.0
360.0
247.0
355.0
270.0
270.0
345.0
301.0
239.0
239.0
236.0
218.0
227.1
327.8
222.0
7.0
333.0
286.0
258.0
221.7
289.7
356.9
256.0
282.0
14.0
276.0
298.0
215.0
250.7
250.0
327.0
211.0
288.0
334.0
270.0
202.0
212.0
314.0
250.0
225.0
8.0
231.0
240.0
255.0
329.0
243.0
316.0
233.0
286.3
347.0
257.4
2.4
10.0
2.0
270.0
287.0
269.0
355.0
269.0
226.0
291.2
27.0
358.6
261.0
263.0
278.0
344.0
334.0
279.0
213.0
268.0
261.0
242.0
317.0
253.0
323.7
353.7
301.4
247.0
344.0
202.0
236.0
236.0
249.0
225.0
315.0
281.7
209.0
227.0
253.0
261.0
212.0
235.0
310.0
258.0
255.0
279.0
240.0
280.0
316.0
359.0
212.0
230.0
31.0
272.0
248.0
246.0
246.0
245.0
245.0
259.0
305.0
260.0
240.0
270.1
237.0
210.0
354.0
262.0
350.0
271.0
252.0
247.0
270.0
208.0
235.0
235.0
298.0
5.0
225.0
360.0
241.0
240.0
360.0
232.0
232.0
233.0
233.0
231.0
270.0
270.0
271.0
231.0
224.0
215.0
236.0
280.0
281.0
221.0
270.0
256.0
341.0
208.0
355.0
242.0
256.0
228.0
253.0
235.0
239.0
308.0
217.0
271.0
220.0
185.0
274.0
243.0
269.0
260.0
288.3
270.0
249.0
249.0
247.0
245.6
271.8
228.0
226.0
270.0
271.0
236.0
252.0
275.0
215.8
1.0
1.0
243.5
267.9
214.7
206.2
218.8
344.4
271.9
359.4
360.0
319.0
310.2
356.5
207.1
358.7
358.6
224.8
198.2
214.6
258.0
272.0
229.3
229.3
200.9
206.0
206.3
206.2
301.0
238.4
330.0
330.0
351.0
199.9
226.0
248.1
231.0
231.0
321.0
337.2
264.6
208.7
266.0
183.0
253.2
339.3
173.0
172.6
288.0
352.6
352.5
339.0
354.7
251.0
315.0
303.2
303.6
249.0
304.5
189.0
242.3
316.0
311.9
334.2
301.0
237.0
295.7
313.9
205.8
330.0
302.7
330.0
265.2
281.6
180.4
350.0
279.2
244.9
318.0
354.2
259.4
259.4
250.0
348.8
206.0
214.0
245.9
186.0
332.5
356.0
272.2
270.7
235.5
235.5
240.0
193.6
246.8
267.1
270.0
239.0
239.2
179.4
289.0
243.9
189.0
189.3
311.0
310.5
315.0
315.0
274.0
282.4
252.9
284.8
267.0
307.3
294.4
340.5
232.0
186.6
276.4
182.2
227.9
243.5
289.0
191.0
276.6
275.1
211.9
272.7
280.3
262.5
297.7
237.9
319.8
259.4
179.2
265.3
249.6
339.9
195.4
179.0
199.8
197.0
189.0
215.1
223.0
329.9
329.9
184.3
350.3
353.4
354.6
200.6
202.0
212.0
341.2
345.2
236.0
182.9
272.0
302.0
262.0
254.7
205.3
249.8
191.0
192.0
358.0
240.2
307.9
251.3
228.0
217.9
243.0
249.4
207.0
195.7
195.3
325.0
270.0
271.0
213.0
194.0
212.0
209.9
349.0
230.3
249.0
338.0
248.0
206.1
321.0
238.5
305.6
180.0
322.2
349.0
354.0
353.9
235.1
236.0
356.0
357.0
342.9
326.1
340.0
269.6
270.0
335.0
312.0
325.0
325.0
325.0
325.0
179.1
188.0
264.0
264.0
315.0
315.0
322.4
322.0
338.0
338.0
336.6
269.3
355.5
355.5
304.2
304.0
204.6
204.6
231.8
232.0
268.8
313.2
283.6
290.1
319.0
300.0
8.0
285.0
285.5
357.0
357.0
221.9
223.2
231.0
231.0
201.2
195.7
217.8
219.2
221.6
209.0
346.0
352.4
318.1
235.0
255.3
264.2
218.7
297.9
350.6
186.4
247.0
201.0
201.1
221.0
185.4
233.0
240.3
314.8
247.8
245.3
229.0
335.0
195.0
284.0
229.3
297.0
232.0
197.8
251.0
200.0
268.7
192.9
198.0
213.0
197.0
319.0
353.0
352.0
206.0
266.0
273.8
189.5
344.7
268.4
238.0
206.8
254.0
285.0
32.0
211.2
345.0
225.0
235.0
195.0
229.6
185.2
352.1
239.6
342.0
306.0
269.0
4.0
346.0
273.0
244.0
224.2
246.0
204.0
218.0
229.0
224.8
4.0
272.5
325.0
360.0
205.0
264.0
201.0
237.0
230.0
192.0
235.0
290.0
240.0
200.0
200.0
351.0
264.0
302.0
214.0
211.0
292.0
341.0
266.0
226.0
225.7
225.9
271.9
292.0
226.0
310.0
205.3
327.4
189.2
344.0
0.9
1.0
205.1
286.0
345.0
242.7
1.3
226.3
358.9
224.0
276.0
230.0
196.0
196.0
276.1
240.0
356.0
225.7
253.0
293.4
254.2
2.0
277.0
3.4
273.8
210.0
269.4
191.0
224.0
311.0
267.0
250.9
313.2
0.5
287.6
287.8
8.6
4.3
255.2
312.0
270.0
208.0
181.0
313.3
224.0
188.4
190.0
204.0
304.0
338.7
178.0
223.0
224.0
341.0
318.8
193.9
193.0
356.9
345.3
201.0
282.3
344.0
191.0
191.0
234.0
305.0
274.3
282.2
278.3
1.0
324.5
276.3
288.0
198.0
207.7
208.0
353.0
188.0
190.0
359.6
358.0
195.0
356.0
335.3
248.8
281.0
238.4
194.1
7.0
188.0
200.9
205.0
294.8
351.0
353.0
353.0
179.3
210.0
191.3
232.2
329.0
190.0
334.0
187.0
177.0
218.0
341.3
187.0
269.6
181.0
9.0
259.0
237.0
270.2
275.0
260.0
289.0
305.3
249.0
285.6
205.7
238.0
252.0
264.6
245.0
267.5
266.0
266.2
259.0
267.3
291.8
307.1
251.0
257.9
272.3
304.9
359.1
225.0
343.9
344.1
240.7
349.6
305.0
222.0
212.1
340.0
314.0
355.0
223.0
313.9
195.0
350.0
303.0
270.2
310.0
355.0
3.0
360.0
191.2
295.0
185.1
282.0
219.4
263.3
248.0
301.0
215.9
11.0
6.0
185.0
226.0
335.0
266.0
266.0
303.0
319.0
314.0
314.0
333.0
317.0
286.0
311.0
339.0
285.0
254.0
305.0
300.0
254.0
254.0
225.0
213.0
211.0
337.0
243.0
308.0
292.0
280.0
280.0
279.0
321.0
321.0
271.0
200.0
254.0
342.0
340.0
279.0
315.0
219.0
250.0
327.0
327.0
251.0
258.0
323.0
257.0
233.0
307.0
301.0
180.0
180.0
180.0
262.3
261.2
199.3
355.3
279.7
318.0
208.8
317.0
274.0
225.0
208.7
268.8
318.9
288.4
225.6
186.0
232.1
317.7
203.8
358.0
357.0
202.0
268.8
187.0
226.6
290.1
283.0
301.0
5.3
271.4
267.1
205.0
205.0
206.0
297.2
335.0
277.5
349.9
278.0
300.0
250.2
282.6
314.0
347.0
354.8
271.0
277.0
216.0
302.0
295.9
233.0
192.8
247.2
2.0
218.9
201.0
198.0
337.1
358.4
3.1
232.0
231.0
301.0
339.0
256.0
244.0
243.0
328.0
178.0
270.0
180.0
245.0
301.0
258.0
209.0
290.0
349.4
359.3
209.5
189.0
200.8
282.3
190.8
291.0
190.5
202.0
334.0
232.0
323.8
210.6
336.0
351.0
359.0
209.9
4.0
192.0
195.0
264.5
235.8
274.4
331.0
206.1
285.9
308.0
358.3
360.0
235.9
248.0
262.0
309.0
352.0
288.0
360.0
299.0
349.0
331.0
205.8
281.0
244.0
3.0
302.0
235.0
270.0
269.4
359.9
200.5
190.0
190.2
196.0
220.8
199.3
177.8
185.0
194.0
187.0
270.0
180.0
183.0
170.0
241.0
245.0
180.0
277.0
238.0
272.0
179.0
348.0
232.0
193.0
346.0
245.0
275.0
193.0
188.6
279.7
339.0
206.7
307.0
307.0
220.0
354.0
266.0
197.0
328.0
182.0
190.0
219.9
234.0
194.0
230.2
199.8
4.0
211.0
296.0
242.0
192.4
185.0
198.0
283.0
311.0
235.4
241.0
259.0
329.5
297.4
270.0
200.8
238.8
196.0
220.0
221.0
281.6
252.0
354.2
195.6
318.0
191.0
275.0
194.0
186.4
339.7
217.0
262.8
240.0
348.7
253.0
240.0
251.0
250.8
183.0
353.0
196.0
349.1
213.1
182.8
180.0
268.3
330.0
212.9
185.3
179.0
219.9
239.3
312.0
263.4
214.3
214.5
214.3
239.0
244.0
204.0
243.4
278.0
302.0
191.4
345.9
330.4
190.0
219.0
225.1
181.9
217.0
311.9
191.0
324.0
342.2
271.9
278.0
273.2
2.0
236.0
212.0
320.2
226.0
349.0
304.3
314.9
355.3
327.0
200.3
269.7
290.0
270.0
226.0
359.0
270.0
293.0
326.0
279.0
270.0
268.0
191.66
250.0
245.3
235.0
198.0
359.0
299.0
225.0
296.7
306.1
200.0
284.2
302.6
187.3
251.1
246.0
350.8
225.4
187.0
202.6
211.8
341.7
333.0
346.0
343.1
214.0
308.0
292.0
337.7
354.0
289.0
294.8
198.0
321.0
331.5
274.0
248.0
311.9
236.7
273.0
192.6
197.0
218.0
351.0
200.0
182.1
192.5
349.9
246.0
275.9
20.0
180.0
347.0
241.0
308.0
184.0
302.0
187.0
203.3
270.0
177.9
252.5
179.0
233.0
270.8
197.0
218.9
296.0
236.5
272.9
247.0
183.9
222.0
285.0
273.0
279.7
270.4
227.2
180.8
193.0
322.6
213.0
303.0
216.4
261.7
261.0
230.8
284.1
236.0
296.0
281.6
288.0
272.8
321.5
263.5
173.7
347.6
259.0
274.1
242.0
258.2
254.0
271.4
267.5
227.7
245.7
270.4
256.5
282.2
254.0
208.3
208.0
236.0
213.0
224.8
297.8
250.0
294.5
267.4
265.0
228.8
180.0
235.0
234.7
251.6
211.0
211.0
239.0
258.0
258.0
256.0
268.0
257.0
229.0
238.6
239.0
253.0
256.3
270.6
264.9
236.3
210.0
253.1
276.0
252.0
271.0
192.5
254.9
244.0
231.6
284.0
275.0
266.0
256.0
302.8
345.5
291.0
291.0
282.0
258.9
290.4
216.0
288.0
248.3
351.4
359.0
245.0
243.9
248.0
294.0
297.1
272.8
261.9
197.7
252.5
302.0
269.4
338.2
194.0
219.0
338.0
188.0
218.0
273.0
221.0
225.0
270.0
249.0
271.0
237.3
340.0
310.0
230.3
340.0
315.0
350.0
350.0
310.0
190.0
238.4
255.9
176.3
250.0
305.8
346.3
330.0
275.3
220.0
340.0
324.9
260.0
287.2
269.0
258.3
281.0
258.0
270.3
270.0
2.0
267.5
264.0
249.1
262.9
222.7
247.8
252.0
262.8
256.0
288.0
247.0
270.0
257.0
237.1
269.4
255.0
270.0
225.0
251.3
358.4
281.9
354.1
200.5
210.0
200.0
340.0
190.0
217.9
283.6
271.7
282.2
230.2
276.0
271.0
244.0
248.0
331.0
330.0
350.0
350.0
268.0
325.0
284.0
330.0
358.0
4.0
3.0
309.0
208.0
359.0
274.1
270.0
241.0
283.0
302.0
251.0
340.0
196.0
350.0
200.0
282.0
263.0
250.0
332.0
335.0
9.0
192.0
270.0
269.6
280.6
323.8
220.0
268.1
268.0
261.0
236.0
232.5
225.0
212.0
246.0
317.0
260.0
305.0
294.6
286.7
231.7
238.4
232.0
310.6
310.7
222.8
203.5
264.1
303.0
303.0
329.9
315.0
271.0
336.8
360.0
238.6
268.2
318.0
359.4
347.0
359.0
308.0
331.0
317.3
317.3
254.0
240.3
6.1
310.7
204.0
212.8
270.0
209.6
216.9
248.9
343.7
236.0
187.7
352.0
331.2
290.2
271.2
320.3
282.2
274.6
322.7
316.0
261.0
310.7
302.6
313.0
316.0
348.3
222.0
222.0
194.0
202.0
273.2
346.9
298.1
337.2
337.0
300.0
180.7
230.5
240.9
241.1
326.6
280.5
281.0
294.8
293.6
263.0
258.0
315.0
353.0
318.8
3.0
3.0
201.1
291.9
275.0
270.0
203.2
6.0
193.0
253.0
270.4
329.6
266.0
334.5
346.1
284.0
316.0
332.9
236.1
298.0
284.4
283.0
230.9
231.0
255.4
336.0
2.0
276.5
286.4
286.4
210.0
326.0
198.0
198.4
203.0
222.0
293.9
292.0
242.2
246.0
268.9
358.0
318.0
319.0
316.6
206.0
205.0
205.0
247.2
205.0
206.0
233.6
235.2
314.0
293.1
267.0
261.0
350.0
257.1
256.9
344.6
194.0
205.0
244.9
212.0
222.3
194.0
233.0
233.0
328.7
327.8
302.0
243.4
282.0
276.0
256.0
234.0
284.0
202.0
238.0
276.0
301.0
278.0
277.5
244.0
264.0
300.0
300.0
360.0
315.5
302.0
349.0
360.0
359.0
315.0
287.0
45.0
347.0
317.0
342.0
271.0
265.5
271.0
231.0
260.0
202.0
226.0
260.0
241.0
268.0
267.7
200.0
214.7
250.0
219.0
244.4
266.0
303.0
202.0
310.6
228.0
248.0
340.0
317.0
333.0
268.0
257.8
289.0
329.0
229.4
263.2
242.2
341.8
187.0
353.4
298.0
343.5
259.4
261.4
216.0
248.0
193.0
318.0
270.0
303.0
314.6
214.0
224.0
259.4
227.0
360.0
242.0
242.0
348.0
195.0
180.0
230.1
227.7
355.0
250.6
248.0
179.0
195.6
247.0
176.0
253.7
323.1
270.0
246.0
5.4
261.0
355.0
323.0
270.0
270.0
270.0
286.0
347.0
253.9
278.1
360.0
319.5
261.2
280.2
355.5
354.0
212.0
206.0
190.0
7.0
359.8
270.1
315.6
188.0
343.7
360.0
360.0
210.0
338.0
305.0
354.0
210.1
273.8
324.7
288.0
328.0
237.0
1.0
279.0
325.1
205.0
340.2
219.0
360.0
353.5
360.0
177.3
288.8
226.0
334.0
342.2
269.9
228.0
227.0
250.0
179.8
218.0
270.0
270.0
180.0
324.0
360.0
230.0
187.5
254.0
272.0
280.0
358.0
247.8
254.0
327.4
323.3
250.0
315.8
233.8
263.9
270.0
360.0
224.0
322.0
315.6
0.5
214.0
0.3
319.0
315.4
315.4
269.7
234.0
323.9
213.0
307.2
332.2
339.6
202.0
302.0
314.0
273.3
192.0
315.0
223.0
360.0
222.0
269.9
246.8
278.0
206.0
227.0
229.4
355.0
352.5
204.0
1.4
224.0
228.9
177.5
255.9
230.0
356.6
237.0
310.0
303.0
270.0
254.1
359.0
271.1
0.9
232.0
264.0
7.0
316.0
228.6
212.2
344.0
230.0
270.0
320.0
2.0
0.2
329.8
220.0
246.0
359.1
314.4
358.0
200.0
256.9
346.5
200.0
356.5
311.0
216.0
325.0
332.8
257.0
286.0
315.0
338.0
300.6
297.0
224.0
313.4
225.0
351.0
256.0
234.0
334.8
251.0
270.0
0.2
256.0
2.7
262.2
226.5
350.0
272.0
248.0
352.4
197.9
201.0
332.0
360.0
262.0
223.0
334.1
267.0
225.9
313.0
338.0
340.1
270.8
333.2
360.0
308.5
309.5
278.0
314.0
285.0
217.7
233.8
270.0
339.0
265.3
263.8
268.3
350.5
354.0
207.0
283.0
252.0
305.2
269.0
259.0
3.3
270.2
344.0
239.0
325.0
222.0
360.0
7.6
230.9
206.0
261.9
288.6
7.3
210.4
304.3
235.0
342.0
198.3
210.7
252.3
359.6
352.0
348.2
218.0
359.0
247.0
227.0
223.0
268.0
356.0
227.0
271.0
357.0
225.0
270.0
319.0
2.0
360.0
345.0
226.3
335.0
225.0
265.5
356.0
359.0
268.6
314.0
202.4
352.0
221.0
281.4
224.5
360.0
252.3
270.0
0.0
340.0
264.1
270.0
335.0
344.8
251.0
272.0
330.0
355.3
295.0
196.0
339.2
350.0
7.0
2.0
274.4
360.0
334.2
203.0
268.0
190.0
280.0
316.1
233.9
250.0
280.0
263.0
234.0
319.0
348.0
266.0
280.0
263.8
327.4
334.5
226.8
352.1
278.0
329.0
175.0
326.7
230.0
293.0
260.0
187.0
335.0
236.0
238.0
271.0
262.0
307.0
290.0
347.0
270.0
0.0
270.0
276.0
270.0
268.0
205.0
345.0
190.0
206.0
200.0
300.0
2.0
230.0
239.0
203.0
360.0
360.0
231.0
296.0
270.0
270.0
245.0
360.0
360.0
270.0
348.0
360.0
239.0
266.0
359.0
222.0
272.0
360.0
186.0
355.0
216.0
270.0
343.0
296.0
209.0
256.0
340.0
258.0
360.0
340.0
254.0
278.0
274.0
298.0
270.0
270.0
271.0
260.0
359.0
187.0
189.0
2.0
7.0
315.0
268.0
315.0
225.0
347.0
270.0
356.0
358.0
326.0
192.0
343.0
300.0
211.0
197.0
270.0
209.0
180.0
268.0
209.0
17.0
318.0
260.0
271.0
341.0
270.0
265.0
3.0
194.0
360.0
270.0
23.0
270.0
360.0
255.0
201.0
186.0
331.0
321.7
225.0
322.0
174.6
309.9
257.0
317.0
248.0
238.0
357.0
271.0
274.0
260.0
208.0
218.1
304.9
226.0
331.0
341.5
345.0
358.0
281.0
230.8
188.3
270.0
267.1
271.9
224.0
360.0
240.0
360.0
209.0
250.4
191.0
306.0
270.0
268.8
269.0
270.0
202.0
309.0
299.9
293.8
226.0
223.5
9.3
228.5
351.9
298.0
267.0
199.0
2.0
309.0
269.0
280.0
275.0
261.0
283.6
196.0
241.4
255.4
341.0
228.0
253.0
316.0
268.0
222.2
226.0
9.9
205.0
269.7
270.1
274.1
270.0
227.8
314.8
260.0
310.5
337.8
186.1
319.4
333.3
289.1
307.8
201.8
214.8
224.2
3.1
311.4
204.0
292.0
299.0
299.0
349.2
347.0
358.4
358.4
270.0
270.0
306.0
270.0
196.7
262.0
288.0
226.0
4.0
229.0
256.0
335.0
207.0
319.5
190.0
343.9
256.9
3.0
333.0
277.0
255.0
271.0
262.0
256.0
256.0
352.0
326.0
326.0
326.0
243.4
244.0
244.0
244.0
254.6
297.0
297.0
304.0
311.0
322.0
192.0
237.0
202.0
247.9
339.4
11.0
11.0
192.0
306.0
304.4
214.0
227.2
251.8
252.7
199.0
198.0
269.9
196.5
257.0
256.7
352.0
213.0
261.0
208.7
240.0
332.3
331.0
331.0
229.0
328.0
238.0
264.0
293.0
270.2
249.0
198.6
2.0
259.1
320.3
264.3
224.1
243.6
250.0
353.0
352.0
240.1
261.5
276.0
319.9
323.0
231.7
311.0
296.4
291.4
224.0
257.0
259.7
259.6
225.0
283.3
269.0
269.0
314.2
225.2
259.0
224.0
235.2
297.6
247.9
205.3
274.1
232.7
321.0
262.8
245.1
238.5
269.0
241.0
296.0
230.0
193.4
250.0
230.3
231.0
278.0
264.0
323.4
265.0
274.0
314.0
268.0
223.0
227.0
238.0
269.0
325.0
223.0
262.0
241.0
217.0
226.3
241.4
213.3
245.0
249.7
288.3
219.4
239.3
221.0
248.8
249.0
2.3
225.8
199.0
207.6
329.8
359.9
276.6
268.1
215.0
238.6
292.8
285.9
286.2
268.6
222.1
284.0
307.2
300.0
284.0
233.5
4.0
187.0
1.0
219.0
310.8
273.0
231.4
323.9
348.0
229.7
186.2
186.2
224.5
252.0
278.0
352.5
293.2
202.8
283.7
328.3
214.6
243.0
261.0
224.0
206.7
237.0
351.4
222.6
225.4
298.0
285.0
181.2
329.0
197.0
248.3
269.8
310.2
269.3
224.0
211.3
228.0
276.0
3.4
332.0
353.9
349.0
228.4
324.0
334.0
337.5
350.1
339.6
293.0
344.4
251.0
254.0
250.9
291.0
269.0
313.5
230.3
287.0
202.0
317.0
284.0
290.3
336.0
227.0
272.3
264.3
337.8
340.5
288.2
225.8
296.1
244.0
299.0
302.0
302.0
337.6
304.0
313.0
225.0
272.0
338.8
310.7
298.0
292.0
294.1
268.9
305.0
322.5
259.7
272.0
285.0
283.0
283.0
270.3
327.5
240.8
300.0
311.0
326.3
224.8
264.0
324.1
223.0
357.0
282.0
256.0
299.0
239.2
251.8
248.5
269.0
189.2
329.0
278.0
270.0
232.9
326.1
270.0
316.0
288.0
200.3
358.8
336.2
241.2
327.0
319.1
219.3
256.5
315.3
252.0
338.8
340.2
259.0
299.5
279.0
280.6
270.0
201.6
240.0
260.9
219.1
191.9
272.2
343.3
239.5
227.0
268.7
239.0
215.4
265.0
303.0
272.0
198.0
258.2
259.0
226.0
309.0
347.0
267.9
281.0
288.4
200.0
279.4
279.5
259.0
265.0
270.0
270.0
268.8
315.0
266.2
306.5
269.0
249.0
297.6
267.9
216.0
248.0
273.0
234.0
214.0
228.9
246.0
316.0
281.0
261.0
265.6
329.0
316.0
223.1
299.2
270.6
298.25
331.0
303.7
279.0
207.0
205.4
359.0
335.2
209.0
209.0
189.0
238.0
352.3
210.0
226.8
276.0
340.3
231.1
257.6
359.0
194.0
194.0
194.0
5.0
230.0
287.0
355.4
200.7
186.0
209.0
360.0
339.7
1.3
187.9
269.1
233.1
1.0
324.0
270.3
227.5
353.8
224.2
203.0
240.1
186.0
320.6
314.8
266.0
354.5
353.0
264.5
204.0
263.0
260.9
297.0
225.0
187.5
212.9
196.8
242.1
215.1
241.3
346.6
231.5
2.5
324.8
187.0
268.3
266.3
226.8
270.9
315.0
252.0
199.0
291.0
240.0
336.0
294.0
352.0
352.0
203.9
247.3
287.0
287.1
273.1
326.7
271.0
276.0
226.7
212.0
210.0
209.9
249.0
249.0
353.0
189.2
1.9
205.0
360.0
328.1
346.0
190.0
188.1
337.0
340.6
300.9
273.0
359.9
197.8
184.0
184.4
2.7
350.5
2.5
218.2
215.0
295.9
303.0
360.0
207.0
337.1
211.0
244.0
354.1
245.0
186.6
284.0
200.0
217.6
0.2
220.0
213.1
350.0
272.0
336.0
283.0
176.0
259.0
270.0
306.0
323.3
271.0
206.9
312.0
333.0
209.0
310.5
303.0
289.4
301.9
318.0
268.0
321.35
307.0
320.5
279.4
331.4
261.3
321.0
269.0
335.6
198.8
213.0
215.0
339.2
313.0
258.0
315.8
307.0
201.0
340.4
209.0
247.0
190.2
236.0
214.0
258.9
218.1
249.4
277.0
330.4
1.9
200.0
271.0
297.3
312.6
240.1
280.4
313.0
308.95
221.0
272.3
225.1
193.8
346.0
346.3
355.9
355.8
267.8
268.1
305.7
257.6
279.3
310.0
305.5
277.0
191.0
4.0
203.0
358.0
274.0
231.1
268.9
274.5
213.0
352.0
289.0
256.0
305.2
333.0
220.8
304.5
305.0
259.6
244.0
347.8
248.0
216.8
283.0
205.0
310.3
295.8
203.0
326.0
261.0
238.2
215.0
211.1
228.5
270.0
357.6
360.0
358.5
294.4
321.6
277.0
270.3
285.5
211.2
358.5
189.8
2.0
209.8
279.0
223.8
223.6
299.6
289.0
220.8
327.7
252.3
222.0
1.1
0.2
223.2
323.3
245.5
4.0
248.3
248.3
320.0
242.0
272.3
293.0
226.7
273.0
304.2
326.0
356.0
279.4
351.7
2.2
337.7
286.0
310.0
331.7
345.0
313.4
209.0
293.0
212.2
335.0
269.8
334.7
277.4
348.3
229.0
206.0
262.0
222.5
4.0
280.0
3.0
343.0
214.9
215.1
221.4
340.0
325.9
326.0
326.0
214.0
210.07
225.0
222.2
329.7
358.0
351.0
208.0
296.0
347.4
257.2
322.0
219.3
217.0
214.0
288.8
300.0
260.0
289.0
359.0
222.8
227.0
202.9
189.6
5.0
4.7
213.0
203.0
203.0
203.0
19.0
300.0
231.1
263.0
264.0
277.4
342.3
358.0
278.2
6.2
306.0
326.0
356.0
357.5
225.0
267.0
296.0
280.0
340.0
316.0
260.0
330.0
320.0
355.4
354.1
315.0
350.0
328.0
225.0
314.0
226.0
253.0
210.0
260.0
320.0
360.0
308.0
234.0
339.0
235.0
305.0
201.0
238.0
277.0
341.0
310.0
202.0
295.1
231.0
231.0
287.0
283.0
197.0
319.0
300.0
358.0
207.0
207.0
327.0
330.0
4.0
247.0
308.0
306.0
336.0
317.0
2.0
241.0
2.0
133.0
220.0
329.0
236.0
323.0
323.0
290.0
325.0
232.0
278.0
244.0
8.0
222.0
312.0
240.0
274.0
240.0
355.0
206.0
242.0
315.0
9.0
304.0
349.0
237.9
328.0
254.0
235.0
325.0
235.0
279.6
325.0
278.0
281.0
330.0
247.0
295.0
232.5
339.0
203.0
285.0
268.0
6.0
216.0
283.0
304.9
322.0
14.0
271.0
356.0
330.0
204.0
254.0
7.0
290.0
249.0
328.0
240.0
289.0
309.0
161.0
347.0
268.4
304.0
313.0
207.0
223.0
360.0
285.0
235.0
355.0
209.0
303.0
288.0
315.0
336.0
228.0
329.0
219.0
322.0
248.0
308.0
205.0
285.0
291.0
353.0
270.0
2.0
221.0
287.0
356.5
197.0
242.9
291.0
291.0
207.0
340.0
248.0
310.0
279.0
6.3
234.0
309.0
321.7
293.1
330.0
13.0
235.0
325.0
252.0
291.0
354.0
225.4
315.4
253.3
354.1
221.0
342.0
229.6
320.2
200.9
236.0
291.0
246.0
322.0
300.0
278.0
8.0
256.0
336.0
326.0
238.5
358.0
279.0
195.0
251.0
332.0
208.0
291.0
6.0
99.0
279.0
274.0
360.0
198.0
202.0
247.1
311.0
303.0
3.0
222.0
311.5
198.0
260.0
323.0
6.0
255.0
290.0
228.0
272.0
285.9
334.0
226.0
280.0
245.8
9.0
240.9
216.0
328.0
224.0
335.0
299.0
265.0
320.0
224.0
266.0
251.9
331.4
293.0
360.0
299.1
201.0
271.0
270.0
360.0
246.0
307.0
215.0
321.0
238.0
328.0
231.3
350.0
277.8
353.1
275.0
274.0
346.1
287.0
1.0
232.0
310.0
296.0
239.0
329.0
254.0
295.0
5.0
213.0
314.0
294.0
234.0
350.0
300.0
245.0
348.0
202.0
247.0
337.0
292.7
210.0
301.0
227.0
8.0
217.0
313.0
265.4
305.0
337.0
219.6
228.0
290.0
227.0
273.0
280.0
250.0
337.0
225.0
277.0
300.0
7.0
261.0
288.0
248.0
354.0
265.3
232.0
351.0
304.0
265.0
319.0
268.0
357.0
214.0
234.0
279.0
296.0
328.6
199.4
308.4
198.9
315.0
236.0
249.0
282.0
6.0
293.0
297.0
327.0
326.0
16.0
227.0
322.0
322.0
356.0
356.0
213.8
274.0
351.0
293.0
242.0
274.3
294.0
235.0
9.0
216.0
341.0
197.0
238.0
229.0
270.0
355.0
351.0
237.0
12.0
278.0
315.0
350.2
225.0
228.0
273.0
309.0
354.0
233.0
324.0
275.0
13.0
295.0
283.0
7.0
239.0
317.0
207.0
264.0
234.0
301.0
238.9
318.6
326.0
331.0
236.0
239.0
13.0
299.0
244.0
307.0
232.0
305.0
230.0
303.0
339.0
322.7
245.0
329.0
289.0
360.0
225.0
354.0
353.0
228.0
9.0
310.0
221.0
270.0
360.0
234.0
234.0
294.0
263.0
290.0
5.0
235.0
304.0
341.0
299.0
197.0
238.0
334.0
4.0
330.6
210.0
294.0
267.0
357.0
318.0
3.0
208.0
208.0
265.0
265.0
194.0
239.0
319.0
305.0
6.0
355.0
245.0
320.0
275.0
15.0
0.0
147.0
254.0
5.0
278.0
272.0
282.0
12.0
271.0
304.0
304.0
304.0
26.0
350.0
310.0
360.0
245.0
291.0
304.1
233.0
298.0
300.0
358.0
274.0
349.0
278.0
11.0
249.0
293.0
309.0
230.0
302.0
225.0
275.0
271.0
205.0
287.0
254.0
348.0
348.0
277.0
7.0
253.0
313.0
313.0
8.0
242.0
305.0
229.0
272.0
336.0
284.0
295.0
5.0
321.0
301.0
242.0
279.0
9.0
231.0
321.0
210.0
341.0
325.2
2.0
291.0
320.0
253.4
299.0
278.0
9.0
225.0
318.0
300.2
252.0
297.0
229.0
318.0
5.0
217.8
278.2
281.1
230.0
278.0
8.0
234.0
355.0
331.5
266.0
356.0
204.0
266.0
238.0
11.0
310.0
214.0
327.0
222.0
280.0
237.0
280.0
326.0
240.0
329.0
255.0
324.0
193.0
222.0
279.0
304.0
6.0
245.0
279.0
307.1
195.0
202.0
297.0
330.0
177.0
240.0
225.0
192.0
219.0
236.0
244.0
200.0
20.0
25.0
31.0
272.0
290.0
216.0
173.0
353.0
353.0
173.0
308.0
252.0
252.7
263.8
310.0
245.0
327.4
334.0
335.0
192.0
307.0
191.0
194.0
194.0
194.0
357.0
357.0
185.0
227.0
288.0
220.0
335.0
335.0
296.0
292.0
222.0
226.0
270.0
262.2
214.0
180.7
343.0
357.0
229.0
336.7
336.5
352.1
292.2
285.0
206.5
337.3
338.1
282.2
324.0
316.0
325.0
340.0
219.3
219.0
233.0
203.0
210.0
243.0
243.0
180.0
303.0
238.0
238.0
315.0
342.0
342.0
342.0
342.0
214.0
356.0
356.0
198.5
200.0
270.0
197.0
199.0
197.0
190.0
343.0
269.0
204.0
204.0
358.4
263.0
265.9
290.0
253.6
228.8
219.0
228.1
205.9
337.5
275.6
229.0
261.7
