290.0
500.0
795.0
200.0
800.0
400.0
450.0
600.0
190.0
840.0
420.0
700.0
150.0
500.0
320.0
240.0
241.0
563.0
100.0
528.0
370.0
417.0
250.0
275.0
350.0
200.0
675.0
573.0
300.0
380.0
200.0
1080.0
300.0
400.0
300.0
200.0
318.0
620.0
300.0
300.0
1000.0
539.0
200.0
500.0
300.0
500.0
100.0
200.0
400.0
200.0
176.0
140.0
340.0
100.0
350.0
900.0
300.0
800.0
600.0
1000.0
200.0
900.0
130.0
490.0
400.0
385.0
360.0
627.0
305.0
380.0
178.0
300.0
525.0
300.0
1800.0
60.0
300.0
370.0
900.0
100.0
222.0
200.0
180.0
900.0
870.0
50.0
112.0
38.0
260.0
450.0
250.0
447.0
200.0
400.0
237.0
345.0
200.0
185.0
200.0
490.0
200.0
200.0
600.0
493.0
600.0
500.0
800.0
300.0
500.0
450.0
1100.0
603.0
582.0
600.0
537.0
400.0
225.0
35.0
150.0
300.0
685.0
100.0
110.0
925.0
242.0
760.0
546.0
495.0
480.0
122.0
300.0
1600.0
395.0
600.0
440.0
300.0
209.0
300.0
1000.0
92.0
250.0
1085.0
200.0
425.0
700.0
315.0
1250.0
250.0
250.0
150.0
1200.0
200.0
100.0
200.0
230.0
225.0
500.0
1200.0
880.0
670.0
370.0
100.0
200.0
800.0
400.0
300.0
1000.0
700.0
270.0
369.0
200.0
355.0
350.0
400.0
400.0
330.0
100.0
700.0
400.0
600.0
400.0
108.0
998.0
750.0
300.0
160.0
261.0
450.0
200.0
500.0
700.0
300.0
200.0
100.0
300.0
575.0
225.0
450.0
800.0
800.0
1330.0
486.0
400.0
300.0
1000.0
262.0
252.0
1000.0
267.0
790.0
200.0
280.0
327.0
120.0
150.0
187.0
690.0
771.0
185.0
125.0
500.0
240.0
180.0
200.0
500.0
365.0
560.0
360.0
300.0
200.0
600.0
225.0
300.0
300.0
276.0
300.0
1200.0
290.0
200.0
200.0
600.0
50.0
200.0
52.0
780.0
452.0
200.0
400.0
455.0
603.0
200.0
800.0
200.0
500.0
853.0
200.0
400.0
415.0
150.0
383.0
300.0
500.0
500.0
340.0
500.0
600.0
690.0
150.0
320.0
300.0
150.0
400.0
300.0
300.0
60.0
75.0
984.0
462.0
180.0
500.0
430.0
140.0
375.0
300.0
200.0
800.0
200.0
1000.0
250.0
300.0
725.0
800.0
191.0
800.0
310.0
1000.0
280.0
400.0
300.0
400.0
500.0
200.0
540.0
476.0
400.0
600.0
500.0
978.0
1018.0
300.0
300.0
263.0
275.0
300.0
215.0
341.0
1000.0
750.0
540.0
500.0
600.0
155.0
600.0
100.0
250.0
140.0
250.0
200.0
278.0
500.0
250.0
900.0
185.0
266.0
800.0
275.0
120.0
430.0
600.0
400.0
300.0
524.0
600.0
200.0
480.0
800.0
305.0
300.0
290.0
270.0
500.0
150.0
600.0
100.0
600.0
500.0
975.0
660.0
300.0
700.0
1000.0
550.0
200.0
440.0
1100.0
685.0
268.0
191.0
767.0
100.0
1200.0
260.0
350.0
400.0
600.0
855.0
200.0
200.0
550.0
200.0
500.0
400.0
300.0
540.0
500.0
200.0
1180.0
800.0
352.0
75.0
720.0
300.0
410.0
740.0
100.0
300.0
80.0
285.0
50.0
500.0
400.0
235.0
640.0
395.0
500.0
460.0
634.0
200.0
500.0
300.0
200.0
799.0
399.0
830.0
825.0
450.0
300.0
80.0
400.0
250.0
400.0
315.0
1230.0
20.0
300.0
225.0
840.0
398.0
800.0
745.0
400.0
188.0
526.0
725.0
1000.0
270.0
400.0
339.0
300.0
200.0
300.0
300.0
550.0
300.0
200.0
100.0
600.0
198.0
205.0
600.0
500.0
400.0
800.0
400.0
100.0
100.0
900.0
400.0
300.0
600.0
300.0
400.0
200.0
200.0
600.0
300.0
50.0
1220.0
453.0
400.0
120.0
580.0
700.0
200.0
180.0
200.0
200.0
500.0
250.0
500.0
300.0
750.0
500.0
500.0
310.0
400.0
500.0
600.0
50.0
214.0
195.0
280.0
320.0
350.0
150.0
292.0
600.0
800.0
170.0
425.0
300.0
250.0
200.0
200.0
500.0
330.0
700.0
575.0
300.0
400.0
375.0
400.0
200.0
40.0
230.0
500.0
120.0
478.0
1250.0
200.0
440.0
500.0
950.0
250.0
75.0
350.0
174.0
365.0
504.0
250.0
400.0
600.0
189.0
500.0
400.0
1000.0
300.0
80.0
476.0
150.0
1147.0
440.0
660.0
98.0
590.0
30.0
400.0
900.0
481.0
200.0
250.0
165.0
656.0
600.0
225.0
1.0
200.0
1.0
200.0
205.0
197.0
32.0
460.0
450.0
500.0
500.0
500.0
500.0
500.0
124.0
502.0
43.0
263.0
342.0
530.0
722.0
210.0
426.0
1608.0
455.0
808.0
730.0
71.0
165.0
355.0
200.0
202.0
175.0
700.0
320.0
292.0
395.0
400.0
555.0
94.0
450.0
1200.0
120.0
150.0
223.0
300.0
800.0
500.0
280.0
380.0
100.0
1000.0
427.0
570.0
500.0
100.0
250.0
395.0
400.0
500.0
200.0
874.0
200.0
200.0
761.0
200.0
1000.0
394.0
980.0
900.0
400.0
300.0
300.0
400.0
300.0
400.0
1179.0
400.0
400.0
200.0
410.0
360.0
100.0
190.0
360.0
200.0
100.0
300.0
200.0
700.0
350.0
281.0
550.0
550.0
300.0
650.0
500.0
390.0
150.0
400.0
200.0
400.0
360.0
500.0
200.0
895.0
300.0
150.0
365.0
420.0
162.0
600.0
720.0
500.0
200.0
197.0
594.0
200.0
90.0
1600.0
330.0
1100.0
600.0
1200.0
200.0
100.0
648.0
300.0
250.0
197.0
800.0
200.0
902.0
570.0
400.0
200.0
196.0
403.0
1000.0
200.0
697.0
495.0
300.0
984.0
335.0
850.0
1405.0
427.0
200.0
500.0
135.0
588.0
475.0
90.0
415.0
400.0
1089.0
315.0
80.0
830.0
1070.0
350.0
280.0
350.0
125.0
253.0
80.0
520.0
520.0
136.0
90.0
344.0
190.0
197.0
135.0
90.0
710.0
131.0
100.0
233.0
205.0
328.0
115.0
500.0
700.0
492.0
400.0
330.0
472.0
2095.0
197.0
1085.0
151.0
846.0
400.0
1477.0
1526.0
980.0
490.0
774.0
985.0
272.0
2290.0
880.0
200.0
853.0
197.0
984.0
1216.0
410.0
410.0
140.0
978.0
984.0
984.0
86.0
984.0
214.0
984.0
136.0
394.0
3461.0
19.0
246.0
246.0
341.0
525.0
984.0
953.0
738.0
1.0
836.0
370.0
885.0
505.0
1280.0
400.0
984.0
656.0
689.0
131.0
98.0
709.0
328.0
252.0
650.0
689.0
885.0
176.0
823.0
782.0
543.0
157.0
295.0
98.0
788.0
984.0
591.0
1106.0
902.0
830.0
688.0
639.0
1407.0
295.0
820.0
985.0
575.0
820.0
722.0
656.0
741.0
2231.0
558.0
279.0
984.0
508.0
295.0
360.0
1640.0
443.0
820.0
393.0
984.0
787.0
328.0
422.0
656.0
19.0
394.0
656.0
131.0
853.0
787.0
817.0
312.0
295.0
213.0
524.0
755.0
656.0
1213.0
525.0
328.0
303.0
435.0
278.0
1069.0
387.0
699.0
98.0
518.0
720.0
561.0
515.0
226.0
1401.0
253.0
184.0
318.0
600.0
400.0
125.0
311.0
745.0
787.0
797.0
200.0
108.0
200.0
908.0
560.0
300.0
1383.0
240.0
200.0
311.0
33.0
200.0
459.0
790.0
1053.0
1288.0
358.0
1772.0
171.0
788.0
1007.0
1013.0
571.0
652.0
787.0
126.0
478.0
958.0
210.0
525.0
984.0
312.0
951.0
394.0
590.0
286.0
703.0
1175.0
1250.0
449.0
577.0
23.0
614.0
820.0
217.0
203.0
700.0
492.0
801.0
394.0
394.0
886.0
321.0
755.0
259.0
259.0
93.0
80.0
308.0
292.0
673.0
33.0
446.0
174.0
459.0
2.0
148.0
203.0
302.0
543.0
1247.0
219.0
820.0
294.0
1887.0
886.0
164.0
820.0
895.0
821.0
191.0
427.0
804.0
847.0
195.0
656.0
26.0
935.0
792.0
444.0
446.0
656.0
279.0
502.0
295.0
50.0
98.0
295.0
50.0
492.0
2313.0
567.0
656.0
410.0
184.0
492.0
490.0
674.0
1969.0
886.0
394.0
3116.0
1880.0
302.0
479.0
197.0
199.0
197.0
714.0
185.0
895.0
197.0
302.0
2072.0
197.0
199.0
189.0
394.0
197.0
262.0
1286.0
1231.0
830.0
412.0
329.0
492.0
200.0
922.0
968.0
617.0
639.0
204.0
180.0
197.0
419.0
425.0
344.0
656.0
656.0
493.0
492.0
450.0
1312.0
367.0
738.0
1937.0
197.0
535.0
6365.0
491.0
771.0
1116.0
600.0
1200.0
440.0
650.0
500.0
450.0
300.0
300.0
375.0
535.0
383.0
175.0
577.0
531.0
480.0
1639.0
430.0
453.0
985.0
690.0
197.0
2138.0
197.0
820.0
2000.0
54.0
300.0
100.0
400.0
600.0
700.0
359.0
475.0
540.0
650.0
800.0
670.0
300.0
328.0
656.0
1082.0
440.0
492.0
855.0
225.0
700.0
400.0
1200.0
1075.0
700.0
101.0
300.0
600.0
200.0
2133.0
250.0
398.0
328.0
2953.0
492.0
2200.0
200.0
656.0
164.0
1000.0
676.0
597.0
3557.0
656.0
680.0
400.0
240.0
328.0
630.0
400.0
100.0
112.0
1350.0
1100.0
758.0
714.0
150.0
220.0
197.0
550.0
377.0
574.0
657.0
728.0
1398.0
466.0
499.0
1600.0
3481.0
200.0
300.0
755.0
250.0
100.0
200.0
495.0
918.0
233.0
394.0
525.0
983.0
885.0
650.0
650.0
548.0
640.0
945.0
1000.0
825.0
1185.0
985.0
510.0
3650.0
985.0
991.0
295.0
160.0
220.0
1864.0
984.0
246.0
650.0
1665.0
300.0
280.0
200.0
465.0
300.0
195.0
150.0
100.0
900.0
650.0
400.0
800.0
500.0
1000.0
100.0
500.0
141.0
945.0
341.0
200.0
590.0
196.0
288.0
600.0
100.0
300.0
240.0
500.0
160.0
2300.0
275.0
190.0
610.0
180.0
300.0
500.0
819.0
500.0
740.0
250.0
178.0
150.0
800.0
270.0
97.0
300.0
681.0
305.0
296.0
200.0
175.0
100.0
646.0
270.0
200.0
279.0
743.0
134.0
185.0
126.0
206.0
600.0
700.0
277.0
148.0
165.0
740.0
200.0
722.0
229.0
245.0
300.0
200.0
507.0
800.0
190.0
49.0
315.0
700.0
296.0
615.0
277.0
632.0
230.0
400.0
375.0
204.0
196.0
235.0
410.0
245.0
212.0
590.0
398.0
690.0
500.0
295.0
484.0
800.0
200.0
560.0
420.0
1200.0
200.0
200.0
180.0
1005.0
387.0
225.0
225.0
137.0
650.0
300.0
502.0
50.0
130.0
127.0
600.0
351.0
230.0
400.0
165.0
125.0
900.0
300.0
175.0
55.0
213.0
194.0
619.0
577.0
400.0
240.0
995.0
100.0
400.0
344.0
173.0
500.0
300.0
290.0
200.0
202.0
90.0
300.0
419.0
1774.0
405.0
400.0
392.0
360.0
165.0
200.0
825.0
306.0
240.0
629.0
650.0
200.0
590.0
350.0
200.0
490.0
200.0
87.0
305.0
613.0
240.0
170.0
214.0
400.0
200.0
43.0
299.0
125.0
340.0
200.0
500.0
120.0
88.0
200.0
90.0
1050.0
495.0
155.0
735.0
187.0
387.0
257.0
600.0
800.0
180.0
291.0
1233.0
230.0
284.0
1218.0
473.0
464.0
800.0
150.0
80.0
300.0
876.0
800.0
238.0
754.0
185.0
600.0
300.0
268.0
264.0
482.0
991.0
307.0
300.0
280.0
210.0
551.0
797.0
979.0
130.0
200.0
301.0
855.0
200.0
194.0
1390.0
298.0
369.0
200.0
619.0
180.0
476.0
540.0
138.0
290.0
130.0
112.0
1021.0
197.0
1180.0
1200.0
363.0
301.0
329.0
200.0
494.0
120.0
700.0
290.0
500.0
430.0
300.0
512.0
583.0
696.0
300.0
250.0
401.0
684.0
1045.0
1840.0
1599.0
700.0
140.0
265.0
267.0
305.0
332.0
455.0
801.0
600.0
140.0
1154.0
880.0
915.0
510.0
1210.0
800.0
390.0
597.0
225.0
324.0
320.0
909.0
239.0
395.0
550.0
595.0
620.0
800.0
250.0
375.0
260.0
613.0
188.0
230.0
440.0
60.0
103.0
500.0
340.0
106.0
600.0
900.0
400.0
290.0
371.0
150.0
1201.0
593.0
517.0
416.0
105.0
200.0
505.0
491.0
200.0
402.0
120.0
300.0
1375.0
260.0
1055.0
690.0
440.0
640.0
734.0
734.0
186.0
297.0
799.0
150.0
150.0
170.0
591.0
610.0
1060.0
700.0
1410.0
460.0
210.0
300.0
630.0
602.0
470.0
687.0
690.0
490.0
591.0
656.0
315.0
715.0
625.0
1640.0
440.0
200.0
500.0
326.0
4250.0
441.0
650.0
300.0
168.0
1060.0
230.0
1274.0
183.0
897.0
1007.0
368.0
223.0
609.0
530.0
40.0
190.0
100.0
350.0
179.0
195.0
200.0
129.0
1.0
800.0
299.0
500.0
600.0
288.0
600.0
880.0
400.0
100.0
290.0
300.0
817.0
920.0
455.0
700.0
969.0
785.0
1300.0
524.0
2543.0
1190.0
143.0
525.0
470.0
65.0
300.0
96.0
160.0
223.0
499.0
1050.0
198.0
240.0
324.0
400.0
299.0
1253.0
567.0
1094.0
577.0
900.0
586.0
100.0
239.0
459.0
615.0
199.0
160.0
575.0
660.0
200.0
200.0
427.0
1100.0
400.0
170.0
701.0
460.0
165.0
200.0
218.0
100.0
475.0
265.0
307.0
423.0
188.0
1366.0
70.0
713.0
110.0
300.0
180.0
763.0
1000.0
510.0
294.0
98.0
454.0
411.0
500.0
94.0
971.0
588.0
500.0
560.0
200.0
492.0
895.0
1034.0
317.0
200.0
57.0
173.0
400.0
600.0
361.0
816.0
182.0
255.0
110.0
350.0
297.0
406.0
120.0
480.0
400.0
90.0
331.0
220.0
340.0
309.0
630.0
398.0
350.0
558.0
700.0
350.0
350.0
261.0
844.0
400.0
586.0
190.0
300.0
500.0
540.0
402.0
905.0
2043.0
463.0
387.0
220.0
438.0
798.0
277.0
220.0
590.0
540.0
100.0
300.0
455.0
360.0
300.0
370.0
1900.0
580.0
210.0
200.0
587.0
491.0
2139.0
331.0
200.0
170.0
919.0
460.0
299.0
1305.0
1350.0
415.0
310.0
486.0
297.0
1050.0
193.0
307.0
363.0
200.0
428.0
400.0
138.0
200.0
170.0
847.0
206.0
439.0
200.0
963.0
203.0
250.0
1190.0
250.0
300.0
500.0
402.0
117.0
178.0
1200.0
392.0
309.0
255.0
1000.0
993.0
758.0
518.0
463.0
752.0
1000.0
137.0
360.0
445.0
260.0
200.0
442.0
336.0
1350.0
390.0
241.0
500.0
741.0
290.0
150.0
212.0
301.0
320.0
170.0
392.0
450.0
516.0
335.0
300.0
400.0
184.0
430.0
400.0
1550.0
300.0
302.0
400.0
773.0
500.0
300.0
172.0
389.0
264.0
210.0
415.0
390.0
233.0
400.0
106.0
238.0
600.0
240.0
299.0
500.0
1000.0
2734.0
846.0
990.0
300.0
420.0
210.0
80.0
295.0
595.0
100.0
630.0
525.0
120.0
193.0
200.0
501.0
340.0
375.0
595.0
380.0
1000.0
284.0
508.0
100.0
140.0
185.0
220.0
998.0
446.0
675.0
800.0
150.0
125.0
100.0
1477.0
1000.0
213.0
1000.0
300.0
987.0
300.0
270.0
290.0
50.0
800.0
216.0
799.0
1200.0
350.0
200.0
200.0
361.0
403.0
588.0
500.0
320.0
100.0
898.0
500.0
114.0
600.0
197.0
200.0
811.0
723.0
150.0
803.0
3000.0
394.0
565.0
898.0
354.0
289.0
220.0
715.0
807.0
700.0
20.0
499.0
499.0
300.0
249.0
999.0
1057.0
396.0
300.0
200.0
300.0
325.0
300.0
200.0
1073.0
330.0
447.0
636.0
988.0
134.0
715.0
385.0
492.0
700.0
217.0
800.0
200.0
990.0
329.0
850.0
740.0
450.0
660.0
388.0
1000.0
896.0
491.0
238.0
355.0
1058.0
380.0
200.0
1307.0
1302.0
190.0
889.0
172.0
200.0
720.0
559.0
395.0
93.0
700.0
558.0
600.0
500.0
1350.0
206.0
584.0
1000.0
615.0
1380.0
411.0
470.0
340.0
660.0
335.0
1501.0
109.0
1000.0
2000.0
1520.0
326.0
168.0
300.0
190.0
480.0
255.0
172.0
340.0
250.0
501.0
600.0
290.0
580.0
771.0
800.0
319.0
541.0
200.0
267.0
285.0
1410.0
850.0
270.0
641.0
1400.0
82.0
300.0
572.0
120.0
300.0
500.0
156.0
900.0
89.0
227.0
431.0
4000.0
400.0
300.0
213.0
275.0
300.0
315.0
1431.0
1431.0
740.0
500.0
457.0
167.0
540.0
200.0
87.0
115.0
250.0
662.0
112.0
89.0
939.0
300.0
775.0
225.0
350.0
100.0
133.0
600.0
327.0
390.0
300.0
1000.0
440.0
600.0
1266.0
1230.0
758.0
2000.0
294.0
380.0
200.0
656.0
825.0
964.0
488.0
197.0
689.0
492.0
1377.0
131.0
295.0
217.0
1.0
1640.0
3232.0
1345.0
377.0
853.0
394.0
984.0
624.0
623.0
568.0
541.0
687.0
454.0
282.0
1033.0
2199.0
984.0
656.0
525.0
341.0
246.0
509.0
460.0
1247.0
459.0
459.0
541.0
623.0
492.0
345.0
295.0
332.0
689.0
486.0
243.0
262.0
230.0
230.0
147.0
207.0
446.0
336.0
899.0
100.0
550.0
755.0
821.0
640.0
361.0
985.0
820.0
837.0
984.0
427.0
164.0
879.0
984.0
328.0
1116.0
1335.0
140.0
656.0
328.0
450.0
656.0
640.0
262.0
361.0
164.0
591.0
985.0
653.0
368.0
984.0
100.0
197.0
492.0
426.0
442.0
640.0
426.0
525.0
1017.0
197.0
1476.0
984.0
230.0
754.0
344.0
459.0
328.0
1313.0
68.0
820.0
1050.0
722.0
951.0
459.0
984.0
984.0
460.0
1565.0
499.0
597.0
240.0
492.0
1348.0
594.0
879.0
269.0
80.0
653.0
190.0
230.0
200.0
541.0
492.0
970.0
504.0
640.0
1207.0
138.0
525.0
1234.0
344.0
390.0
677.0
348.0
312.0
10.0
404.0
935.0
840.0
146.0
343.0
230.0
978.0
850.0
1010.0
494.0
805.0
290.0
270.0
3094.0
312.0
210.0
2378.0
295.0
328.0
702.0
848.0
213.0
389.0
1007.0
254.0
812.0
984.0
656.0
1030.0
956.0
203.0
189.0
641.0
308.0
530.0
430.0
1365.0
479.0
318.0
1309.0
979.0
490.0
492.0
317.0
361.0
328.0
320.0
2525.0
460.0
1523.0
400.0
164.0
90.0
196.0
820.0
492.0
492.0
393.0
377.0
147.0
492.0
98.0
131.0
328.0
679.0
1312.0
426.0
325.0
1000.0
393.0
853.0
492.0
339.0
656.0
196.0
821.0
977.0
394.0
492.0
820.0
210.0
492.0
180.0
262.0
148.0
182.0
3000.0
180.0
480.0
886.0
246.0
984.0
296.0
466.0
328.0
328.0
2195.0
198.0
333.0
787.0
230.0
1082.0
613.0
1017.0
164.0
363.0
1365.0
2067.0
213.0
100.0
705.0
500.0
361.0
656.0
200.0
295.0
443.0
213.0
459.0
490.0
328.0
1148.0
492.0
427.0
328.0
492.0
302.0
923.0
719.0
656.0
1270.0
797.0
600.0
813.0
656.0
200.0
670.0
225.0
800.0
470.0
63.0
258.0
343.0
680.0
236.0
262.0
2530.0
656.0
530.0
984.0
285.0
1034.0
1493.0
656.0
295.0
185.0
984.0
295.0
861.0
443.0
174.0
656.0
200.0
350.0
260.0
90.0
342.0
985.0
180.0
151.0
328.0
305.0
165.0
400.0
195.0
328.0
205.0
120.0
2000.0
992.0
205.0
1000.0
400.0
280.0
394.0
120.0
980.0
1488.0
1000.0
1600.0
1120.0
262.0
1234.0
80.0
195.0
68.0
150.0
200.0
110.0
685.0
328.0
394.0
1148.0
1125.0
345.0
768.0
1168.0
440.0
472.0
82.0
443.0
230.0
262.0
263.0
387.0
298.0
400.0
299.0
577.0
328.0
259.0
230.0
236.0
144.0
266.0
361.0
164.0
591.0
118.0
138.0
486.0
2099.0
456.0
499.0
420.0
196.0
33.0
59.0
787.0
360.0
77.0
210.0
328.0
92.0
328.0
79.0
197.0
495.0
80.0
535.0
1000.0
1000.0
625.0
200.0
787.0
1805.0
1092.0
530.0
2461.0
990.0
860.0
4160.0
1335.0
483.0
1973.0
987.0
3075.0
498.0
820.0
1957.0
1148.0
474.0
1886.0
590.0
270.0
1674.0
351.0
1083.0
1476.0
2345.0
492.0
2296.0
820.0
1375.0
197.0
2240.0
394.0
400.0
500.0
885.0
2500.0
310.0
2460.0
500.0
1129.0
440.0
100.0
606.0
1020.0
200.0
265.0
30.0
100.0
328.0
200.0
550.0
1993.0
584.0
426.0
349.0
677.0
650.0
197.0
1575.0
394.0
525.0
200.0
150.0
347.0
181.0
656.0
190.0
190.0
186.0
197.0
3284.0
197.0
245.0
185.0
213.0
450.0
193.0
1595.0
145.0
310.0
138.0
200.0
200.0
650.0
495.0
1181.0
30.0
580.0
665.0
1870.0
198.0
98.0
207.0
440.0
1400.0
345.0
1110.0
1509.0
330.0
1495.0
345.0
492.0
59.0
790.0
1410.0
710.0
840.0
2460.0
656.0
400.0
1545.0
315.0
230.0
417.0
427.0
207.0
243.0
591.0
195.0
500.0
492.0
540.0
1016.0
656.0
876.0
300.0
1804.0
659.0
330.0
1100.0
984.0
1187.0
427.0
1275.0
160.0
295.0
328.0
512.0
860.0
300.0
338.0
1417.0
220.0
206.0
98.0
175.0
100.0
1312.0
150.0
395.0
345.0
200.0
1315.0
304.0
212.0
492.0
328.0
2353.0
328.0
197.0
150.0
709.0
500.0
984.0
555.0
656.0
870.0
148.0
1150.0
885.0
187.0
985.0
585.0
265.0
590.0
980.0
625.0
685.0
270.0
261.0
150.0
2297.0
100.0
3150.0
656.0
475.0
174.0
345.0
197.0
1312.0
89.0
789.0
896.0
200.0
575.0
426.0
2723.0
162.0
492.0
656.0
140.0
500.0
1003.0
489.0
170.0
940.0
660.0
820.0
160.0
492.0
220.0
1614.0
1148.0
1600.0
150.0
10.0
400.0
225.0
100.0
100.0
500.0
100.0
600.0
300.0
222.0
187.0
406.0
300.0
700.0
1300.0
600.0
480.0
100.0
800.0
600.0
80.0
36.0
200.0
300.0
200.0
300.0
400.0
300.0
300.0
200.0
850.0
475.0
100.0
600.0
200.0
500.0
820.0
700.0
400.0
100.0
1000.0
275.0
260.0
275.0
500.0
550.0
200.0
200.0
200.0
565.0
400.0
20.0
20.0
200.0
700.0
250.0
700.0
500.0
600.0
400.0
130.0
400.0
53.0
181.0
145.0
300.0
400.0
400.0
890.0
253.0
170.0
1343.0
100.0
150.0
831.0
155.0
224.0
740.0
590.0
344.0
365.0
100.0
144.0
187.0
637.0
200.0
690.0
200.0
225.0
300.0
824.0
600.0
100.0
200.0
400.0
600.0
200.0
620.0
725.0
1019.0
400.0
195.0
500.0
400.0
400.0
450.0
60.0
510.0
1335.0
387.0
275.0
200.0
500.0
750.0
340.0
340.0
95.0
200.0
488.0
325.0
430.0
120.0
320.0
480.0
200.0
480.0
100.0
80.0
200.0
300.0
400.0
200.0
200.0
100.0
700.0
200.0
250.0
500.0
2318.0
990.0
975.0
820.0
650.0
230.0
837.0
163.0
200.0
200.0
465.0
1238.0
700.0
427.0
855.0
656.0
335.0
1905.0
1500.0
53.0
425.0
312.0
427.0
510.0
100.0
440.0
1000.0
764.0
200.0
1150.0
131.0
395.0
1180.0
300.0
920.0
948.0
673.0
167.0
500.0
1020.0
1785.0
565.0
525.0
1000.0
950.0
294.0
270.0
1000.0
260.0
2100.0
200.0
1500.0
185.0
515.0
300.0
100.0
210.0
1195.0
125.0
1230.0
984.0
1070.0
1026.0
1575.0
426.0
1960.0
379.0
1000.0
515.0
1332.0
1000.0
298.0
328.0
1100.0
467.0
660.0
315.0
853.0
492.0
325.0
325.0
2431.0
200.0
98.0
100.0
111.0
250.0
305.0
90.0
1600.0
164.0
2640.0
650.0
135.0
305.0
910.0
750.0
328.0
675.0
656.0
500.0
1077.0
184.0
2000.0
1200.0
500.0
500.0
201.0
195.0
238.0
1000.0
350.0
200.0
500.0
800.0
1000.0
700.0
288.0
500.0
200.0
500.0
97.0
315.0
144.0
120.0
457.0
540.0
600.0
300.0
400.0
450.0
200.0
718.0
200.0
376.0
257.0
197.0
197.0
196.0
187.0
295.0
197.0
329.0
406.0
233.0
256.0
30.0
131.0
88.0
197.0
479.0
134.0
232.0
361.0
528.0
909.0
617.0
322.0
873.0
492.0
20.0
390.0
508.0
1191.0
459.0
197.0
726.0
758.0
279.0
456.0
121.0
377.0
308.0
371.0
100.0
280.0
2200.0
2400.0
1200.0
5001.0
196.0
983.0
490.0
492.0
650.0
