2034.0
59.0
1157.0
1058.0
190.0
1232.0
117.0
920.0
2437.0
1550.0
1021.0
618.0
7696.0
2220.0
1440.0
28.0
503.0
2165.0
1055.0
363.0
100.0
971.0
1715.0
2757.0
39.0
892.0
56.0
130.0
2240.0
2621.0
760.0
960.0
727.0
640.0
8980.0
949.0
588.0
645.0
2803.0
1276.0
1275.0
293.0
5.0
305.0
177.0
4680.0
4688.0
1515.0
307.0
1452.0
860.0
1030.0
450.0
312.0
756.0
603.0
1179.0
1130.0
1050.0
6.0
37.0
1210.0
11.0
614.0
20.0
1313.0
25.0
2490.0
359.0
1100.0
4446.0
973.0
20.0
740.0
1800.0
808.0
7881.0
4232.0
4252.0
10076.0
696.0
1092.0
1078.0
1084.0
840.0
670.0
1364.0
1543.0
65.0
544.0
1080.0
650.0
780.0
2964.0
410.0
1173.0
1064.0
837.0
850.0
6026.0
40.0
1000.0
422.0
720.0
2455.0
1025.0
720.0
681.0
681.0
681.0
205.0
970.0
3961.0
5.0
2180.0
1022.0
1022.0
750.0
358.0
1936.0
70.0
596.0
737.0
500.0
1092.0
48.0
15.0
91.0
98.0
103.0
740.0
658.0
1056.0
984.0
670.0
670.0
39.0
575.0
11.0
221.0
1061.0
1061.0
1308.0
1130.0
1163.0
4939.0
1597.0
324.0
2640.0
181.0
196.0
557.0
760.0
1479.0
84.0
195.0
2044.0
23.0
209.0
634.0
98.0
1350.0
1106.0
1106.0
6000.0
820.0
625.0
890.0
240.0
789.0
794.0
1717.0
224.0
889.0
1150.0
578.0
726.0
21.0
1803.0
1801.0
35.0
459.0
755.0
752.0
559.0
731.0
731.0
762.0
733.0
733.0
380.0
992.0
24.0
735.0
635.0
624.0
619.0
1166.0
3091.0
2.0
5536.0
1940.0
1142.0
963.0
963.0
1058.0
605.0
418.0
640.0
2241.0
812.0
592.0
264.0
578.0
594.0
2386.0
91.0
656.0
656.0
1636.0
740.0
740.0
856.0
400.0
915.0
60.0
1071.0
15.0
250.0
472.0
696.0
850.0
720.0
1367.0
108.0
5062.0
5037.0
962.0
35.0
1410.0
1420.0
478.0
509.0
691.0
180.0
72.0
2892.0
4492.0
323.0
790.0
790.0
1011.0
1389.0
63.0
1078.0
755.0
859.0
3901.0
533.0
639.0
184.0
725.0
900.0
1070.0
1437.0
1434.0
75.0
39.0
1202.0
1162.0
1056.0
1029.0
96.0
14.0
135.0
212.0
830.0
1115.0
1084.0
1090.0
835.0
2961.0
1948.0
1010.0
58.0
644.0
644.0
2228.0
1177.0
1350.0
1300.0
1092.0
781.0
781.0
735.0
150.0
844.0
303.0
1007.0
802.0
556.0
780.0
780.0
745.0
736.0
12.0
71.0
2450.0
632.0
632.0
1135.0
4045.0
4060.0
957.0
842.0
6650.0
5156.0
260.0
1178.0
29.0
360.0
1955.0
38.0
582.0
628.0
628.0
1280.0
805.0
780.0
1775.0
1790.0
1798.0
710.0
770.0
665.0
1970.0
0.0
330.0
871.0
187.0
882.0
905.0
1140.0
1135.0
1960.0
1756.0
416.0
1718.0
2462.0
2449.0
1165.0
801.0
1051.0
1051.0
982.0
36.0
931.0
1127.0
1043.0
962.0
954.0
722.0
722.0
700.0
1375.0
790.0
790.0
1869.0
1742.0
473.0
440.0
82.0
908.0
340.0
240.0
1080.0
645.0
864.0
742.0
80.0
95.0
871.0
871.0
871.0
747.0
70.0
70.0
1113.0
921.0
915.0
0.0
0.0
1731.0
459.0
267.0
977.0
1594.0
706.0
706.0
683.0
995.0
1995.0
86.0
219.0
3340.0
785.0
635.0
1027.0
954.0
18.0
18.0
1714.0
1213.0
1213.0
1198.0
1198.0
644.0
1729.0
515.0
1442.0
1642.0
2169.0
110.0
5043.0
25.0
2520.0
786.0
952.0
1005.0
287.0
268.0
76.0
4665.0
30.0
598.0
1077.0
905.0
525.0
180.0
1147.0
340.0
1110.0
1133.0
23.0
1900.0
991.0
62.0
430.0
275.0
820.0
2145.0
38.0
2130.0
170.0
982.0
705.0
793.0
793.0
1353.0
844.0
505.0
34.0
34.0
844.0
880.0
888.0
800.0
504.0
369.0
3.0
849.0
609.0
673.0
3907.0
3907.0
3833.0
3833.0
3834.0
914.0
577.0
598.0
598.0
215.0
773.0
56.0
775.0
2270.0
1475.0
1563.0
1583.0
123.0
1327.0
1070.0
484.0
840.0
710.0
1112.0
245.0
1461.0
1473.0
680.0
1045.0
853.0
2272.0
900.0
4812.0
3330.0
3333.0
1307.0
369.0
831.0
1891.0
782.0
192.0
32.0
1260.0
1069.0
940.0
1223.0
93.0
1058.0
942.0
822.0
770.0
584.0
584.0
1679.0
2858.0
2858.0
2846.0
244.0
376.0
376.0
53.0
662.0
1063.0
653.0
1904.0
1887.0
750.0
1184.0
270.0
701.0
905.0
263.0
2344.0
1168.0
192.0
670.0
750.0
1230.0
130.0
12.0
28.0
3.0
28.0
8.0
8.0
7.0
9.0
35.0
11.0
20.0
37.0
304.0
228.0
19.0
22.0
3639.0
134.0
208.0
17.0
1503.0
1020.0
50.0
300.0
135.0
1194.0
37.0
11.0
4974.0
13.0
5199.0
5199.0
65.0
310.0
23.0
9.0
97.0
8.0
64.0
13.0
195.0
1600.0
20.0
5363.0
5363.0
5695.0
4.0
2741.0
36.0
239.0
103.0
104.0
5490.0
1568.0
15.0
11.0
5889.0
4225.0
16.0
591.0
4210.0
1163.0
316.0
337.0
71.0
11.0
45.0
275.0
271.0
95.0
115.0
84.0
111.0
48.0
100.0
33.0
167.0
407.0
272.0
7.0
11.0
131.0
76.0
98.0
81.0
72.0
24.0
48.0
8.0
135.0
109.0
8.0
5.0
11.0
63.0
23.0
27.0
17.0
45.0
45.0
10.0
42.0
65.0
51.0
291.0
298.0
9.0
1789.0
38.0
1742.0
2933.0
501.0
951.0
1060.0
1060.0
1159.0
199.0
680.0
1798.0
658.0
3179.0
690.0
43.0
742.0
992.0
793.0
793.0
793.0
843.0
841.0
772.0
495.0
496.0
920.0
790.0
979.0
753.0
769.0
945.0
787.0
788.0
857.0
672.0
640.0
1291.0
1190.0
394.0
650.0
230.0
1242.0
624.0
640.0
2106.0
2200.0
2191.0
148.0
199.0
340.0
904.0
96.0
2984.0
42.0
1347.0
2070.0
3615.0
191.0
141.0
515.0
247.0
3075.0
151.0
836.0
172.0
942.0
238.0
365.0
365.0
335.0
134.0
142.0
130.0
505.0
100.0
58.0
119.0
171.0
394.0
68.0
65.0
34.0
1300.0
57.0
315.0
857.0
76.0
2166.0
4025.0
2842.0
3653.0
2597.0
979.0
2184.0
750.0
3015.0
3015.0
3005.0
3473.0
3425.0
3412.0
2419.0
4335.0
1912.0
2508.0
2159.0
52.0
3663.0
4646.0
2044.0
2913.0
3000.0
2021.0
1612.0
1552.0
3020.0
1922.0
1925.0
1394.0
1279.0
1672.0
1436.0
1362.0
1501.0
1131.0
2074.0
2519.0
1112.0
1904.0
857.0
1237.0
1562.0
1935.0
1516.0
1001.0
1495.0
696.0
2154.0
1355.0
879.0
881.0
814.0
5.0
2198.0
306.0
576.0
64.0
19.0
65.0
690.0
33.0
52.0
6.0
845.0
238.0
47.0
-24.0
64.0
961.0
926.0
936.0
800.0
994.0
995.0
1002.0
882.0
882.0
818.0
393.0
398.0
866.0
353.0
348.0
582.0
584.0
894.0
711.0
727.0
718.0
640.0
25.0
3892.0
4945.0
5055.0
5289.0
5212.0
5340.0
4424.0
4394.0
190.0
190.0
591.0
585.0
2323.0
1056.0
360.0
94.0
94.0
2215.0
49.0
365.0
815.0
221.0
1987.0
960.0
427.0
1407.0
84.0
245.0
470.0
1048.0
43.0
772.0
63.0
1888.0
90.0
1544.0
722.0
725.0
719.0
70.0
1339.0
775.0
1120.0
1123.0
993.0
612.0
612.0
672.0
339.0
317.0
758.0
757.0
755.0
167.0
136.0
108.0
75.0
79.0
80.0
56.0
70.0
1027.0
1024.0
1838.0
519.0
520.0
59.0
346.0
923.0
1343.0
1337.0
1136.0
728.0
3935.0
3930.0
79.0
40.0
89.0
171.0
75.0
819.0
822.0
1615.0
69.0
108.0
106.0
107.0
650.0
132.0
840.0
39.0
2000.0
40.0
31.0
87.0
2637.0
1204.0
2647.0
2298.0
50.0
2600.0
989.0
988.0
989.0
367.0
2146.0
2176.0
770.0
2322.0
2325.0
32.0
1086.0
851.0
1904.0
3041.0
197.0
1068.0
110.0
64.0
53.0
807.0
808.0
808.0
814.0
997.0
524.0
544.0
702.0
702.0
686.0
2575.0
251.0
301.0
301.0
595.0
753.0
601.0
108.0
1140.0
22.0
9.0
174.0
109.0
32.0
476.0
100.0
1178.0
1351.0
1354.0
825.0
802.0
105.0
154.0
771.0
772.0
1099.0
1095.0
31.0
909.0
920.0
86.0
84.0
87.0
536.0
532.0
449.0
435.0
1385.0
460.0
19.0
103.0
181.0
770.0
706.0
129.0
133.0
136.0
162.0
19.0
15.0
1129.0
1130.0
1341.0
19.0
1024.0
1027.0
501.0
1679.0
1688.0
766.0
768.0
41.0
78.0
1157.0
2265.0
72.0
1884.0
1460.0
1470.0
825.0
1576.0
596.0
2193.0
2187.0
968.0
100.0
157.0
1421.0
1653.0
89.0
1171.0
38.0
1891.0
1882.0
1891.0
977.0
1205.0
26.0
30.0
1262.0
246.0
613.0
256.0
247.0
1269.0
35.0
30.0
209.0
729.0
34.0
1605.0
908.0
911.0
1540.0
813.0
1772.0
1772.0
1771.0
646.0
1109.0
442.0
459.0
1759.0
1007.0
348.0
373.0
349.0
1405.0
1402.0
13.0
334.0
1873.0
869.0
866.0
869.0
878.0
77.0
10.0
11.0
9.0
1267.0
1107.0
158.0
169.0
625.0
94.0
571.0
571.0
2985.0
366.0
53.0
705.0
2339.0
925.0
909.0
244.0
239.0
887.0
2968.0
2956.0
621.0
622.0
2244.0
135.0
120.0
1325.0
3047.0
3003.0
223.0
222.0
1057.0
77.0
77.0
1893.0
1894.0
770.0
778.0
771.0
653.0
652.0
2194.0
2195.0
1635.0
1608.0
1780.0
1787.0
424.0
470.0
194.0
191.0
1789.0
215.0
532.0
531.0
541.0
420.0
586.0
1236.0
3227.0
184.0
381.0
190.0
729.0
85.0
1457.0
1208.0
1206.0
1129.0
1127.0
753.0
805.0
859.0
418.0
410.0
296.0
357.0
100.0
775.0
671.0
666.0
321.0
321.0
321.0
1035.0
2348.0
773.0
48.0
43.0
281.0
41.0
528.0
153.0
429.0
716.0
729.0
729.0
312.0
315.0
122.0
275.0
276.0
955.0
959.0
251.0
251.0
251.0
9.0
96.0
98.0
96.0
79.0
27.0
974.0
123.0
1239.0
1242.0
1451.0
2019.0
21.0
1102.0
73.0
129.0
238.0
13.0
9.0
8.0
8.0
1444.0
717.0
729.0
1077.0
783.0
781.0
703.0
1794.0
3082.0
1966.0
474.0
3034.0
1653.0
1645.0
2349.0
2349.0
2211.0
2250.0
75.0
1245.0
66.0
65.0
2115.0
793.0
797.0
2235.0
2267.0
2232.0
674.0
693.0
907.0
912.0
168.0
167.0
2277.0
2277.0
2275.0
942.0
1149.0
1174.0
3531.0
3547.0
3606.0
3556.0
1704.0
1253.0
1253.0
1250.0
1129.0
155.0
158.0
92.0
51.0
53.0
63.0
1170.0
1154.0
2680.0
2650.0
91.0
94.0
160.0
154.0
445.0
458.0
444.0
743.0
735.0
1048.0
1056.0
142.0
131.0
564.0
529.0
525.0
557.0
551.0
649.0
603.0
672.0
674.0
723.0
1904.0
17.0
591.0
590.0
210.0
71.0
43.0
42.0
2557.0
164.0
164.0
170.0
2271.0
85.0
81.0
1762.0
1762.0
728.0
708.0
618.0
1731.0
590.0
601.0
5.0
5.0
193.0
345.0
21.0
2351.0
111.0
332.0
1720.0
605.0
1974.0
35.0
896.0
3125.0
7.0
3903.0
1267.0
955.0
944.0
949.0
1436.0
1959.0
825.0
886.0
814.0
1612.0
798.0
1141.0
800.0
830.0
1929.0
2176.0
2193.0
1475.0
1482.0
1580.0
1060.0
1062.0
1133.0
1133.0
1778.0
1778.0
1506.0
20.0
1015.0
72.0
56.0
3140.0
3163.0
335.0
928.0
1765.0
2132.0
2132.0
3325.0
4459.0
4465.0
20.0
217.0
16.0
10.0
2306.0
2313.0
2648.0
2654.0
2664.0
3245.0
463.0
497.0
361.0
807.0
297.0
297.0
2661.0
1575.0
1686.0
1312.0
1299.0
915.0
285.0
1306.0
1302.0
1483.0
1512.0
459.0
459.0
896.0
279.0
2510.0
203.0
194.0
1024.0
492.0
1837.0
1841.0
16.0
1237.0
2374.0
1953.0
2059.0
2384.0
32.0
2690.0
2247.0
739.0
217.0
251.0
110.0
109.0
147.0
103.0
202.0
10.0
10.0
363.0
18.0
2035.0
1512.0
1703.0
211.0
194.0
184.0
110.0
1467.0
1486.0
151.0
1034.0
1040.0
1417.0
177.0
530.0
1060.0
942.0
1010.0
17.0
21.0
1226.0
1207.0
810.0
1204.0
1065.0
15.0
651.0
16.0
1087.0
1100.0
234.0
201.0
466.0
725.0
1119.0
373.0
4226.0
2035.0
1533.0
1561.0
1097.0
135.0
64.0
728.0
82.0
1002.0
573.0
2150.0
30.0
1214.0
728.0
728.0
1253.0
1657.0
1273.0
2172.0
1473.0
629.0
623.0
196.0
8.0
19.0
13.0
19.0
20.0
20.0
1027.0
110.0
9.0
827.0
83.0
264.0
1499.0
61.0
1995.0
36.0
358.0
370.0
193.0
183.0
129.0
175.0
76.0
611.0
178.0
20.0
14.0
909.0
909.0
64.0
637.0
652.0
594.0
575.0
576.0
15.0
13.0
312.0
1542.0
237.0
1822.0
220.0
87.0
94.0
53.0
7304.0
8.0
9217.0
568.0
639.0
187.0
149.0
2198.0
77.0
142.0
417.0
340.0
115.0
115.0
279.0
347.0
395.0
322.0
112.0
289.0
220.0
263.0
131.0
1145.0
128.0
173.0
7.0
1050.0
1228.0
130.0
267.0
201.0
287.0
144.0
423.0
423.0
517.0
451.0
932.0
289.0
49.0
263.0
105.0
330.0
330.0
18.0
211.0
69.0
486.0
304.0
495.0
909.0
7.0
525.0
164.0
492.0
72.0
43.0
66.0
375.0
144.0
152.0
755.0
1025.0
329.0
305.0
328.0
326.0
156.0
32.0
53.0
231.0
230.0
221.0
116.0
121.0
1467.0
1486.0
1022.0
418.0
1022.0
1267.0
178.0
167.0
172.0
13.0
984.0
295.0
315.0
315.0
814.0
2956.0
1309.0
397.0
397.0
410.0
371.0
413.0
1645.0
653.0
309.0
833.0
1140.0
1164.0
1309.0
685.0
1210.0
295.0
315.0
760.0
1833.0
1101.0
1083.0
279.0
1961.0
317.0
6.0
22.0
82.0
161.0
16.0
99.0
53.0
62.0
128.0
2077.0
623.0
197.0
1306.0
157.0
1436.0
861.0
1474.0
1530.0
1896.0
1037.0
1548.0
793.0
77.0
213.0
386.0
105.0
190.0
454.0
141.0
236.0
124.0
523.0
699.0
800.0
157.0
178.0
95.0
418.0
394.0
1510.0
1903.0
2196.0
1608.0
1342.0
1861.0
2306.0
2329.0
1312.0
1857.0
1947.0
1312.0
1053.0
1903.0
1443.0
991.0
1325.0
1360.0
2034.0
1275.0
1345.0
2099.0
1298.0
1805.0
1345.0
1596.0
1334.0
1902.0
1878.0
1000.0
335.0
430.0
430.0
1266.0
120.0
213.0
1535.0
171.0
35.0
502.0
131.0
1500.0
141.0
282.0
308.0
167.0
1916.0
1270.0
2272.0
2100.0
1649.0
810.0
807.0
1486.0
1587.0
1674.0
1370.0
979.0
1650.0
853.0
1958.0
816.0
718.0
1184.0
1792.0
1223.0
351.0
1575.0
1120.0
640.0
394.0
1247.0
665.0
312.0
1126.0
2868.0
405.0
2329.0
1594.0
2291.0
2648.0
2314.0
1315.0
1381.0
1155.0
1155.0
625.0
1301.0
2443.0
405.0
2230.0
799.0
695.0
511.0
1820.0
509.0
2169.0
1311.0
284.0
399.0
23.0
207.0
273.0
79.0
934.0
656.0
898.0
861.0
293.0
246.0
148.0
2.0
3.0
6.0
26.0
16.0
8.0
8.0
8.0
8.0
7.0
59.0
85.0
287.0
92.0
3.0
3.0
3.0
128.0
6.0
177.0
54.0
131.0
130.0
236.0
82.0
62.0
24.0
10.0
72.0
5.0
97.0
23.0
80.0
27.0
32.0
25.0
25.0
7107.0
78.0
11.0
11.0
14.0
21.0
289.0
10.0
129.0
210.0
738.0
95.0
407.0
999.0
325.0
46.0
478.0
133.0
150.0
162.0
20.0
430.0
394.0
364.0
480.0
475.0
505.0
505.0
398.0
391.0
452.0
151.0
48.0
430.0
78.0
866.0
632.0
304.0
306.0
502.0
348.0
4.0
323.0
331.0
47.0
140.0
148.0
44.0
36.0
72.0
633.0
311.0
406.0
415.0
292.0
598.0
390.0
132.0
328.0
19.0
295.0
286.0
246.0
836.0
-8.0
463.0
206.0
206.0
154.0
13.0
9.0
9.0
9.0
19.0
11.0
103.0
305.0
172.0
172.0
175.0
267.0
273.0
463.0
463.0
450.0
464.0
464.0
83.0
74.0
81.0
391.0
389.0
391.0
413.0
412.0
114.0
127.0
260.0
257.0
277.0
433.0
433.0
317.0
430.0
159.0
152.0
720.0
68.0
69.0
68.0
73.0
212.0
186.0
11.0
23.0
26.0
26.0
26.0
12.0
12.0
6.0
275.0
275.0
233.0
20.0
401.0
378.0
416.0
279.0
283.0
284.0
292.0
251.0
258.0
261.0
116.0
146.0
119.0
160.0
75.0
53.0
38.0
10.0
20.0
227.0
20.0
59.0
42.0
52.0
23.0
87.0
78.0
80.0
39.0
25.0
20.0
33.0
50.0
66.0
43.0
13.0
29.0
25.0
37.0
420.0
20.0
141.0
148.0
205.0
261.0
256.0
15.0
613.0
59.0
515.0
797.0
373.0
384.0
103.0
104.0
193.0
38.0
31.0
49.0
603.0
49.0
303.0
319.0
538.0
545.0
306.0
102.0
110.0
108.0
277.0
284.0
268.0
302.0
270.0
7.0
6.0
7.0
577.0
586.0
67.0
195.0
196.0
205.0
222.0
206.0
645.0
16.0
249.0
248.0
225.0
224.0
219.0
222.0
322.0
79.0
75.0
114.0
126.0
125.0
126.0
279.0
18.0
49.0
10.0
10.0
151.0
144.0
85.0
249.0
226.0
33.0
32.0
32.0
121.0
87.0
38.0
32.0
33.0
673.0
30.0
31.0
31.0
23.0
29.0
263.0
86.0
115.0
83.0
71.0
306.0
265.0
264.0
187.0
248.0
242.0
18.0
19.0
30.0
32.0
34.0
35.0
38.0
38.0
8.0
20.0
7.0
99.0
114.0
203.0
200.0
203.0
200.0
30.0
31.0
26.0
17.0
348.0
110.0
100.0
99.0
33.0
23.0
48.0
38.0
16.0
18.0
17.0
26.0
16.0
4.0
4.0
120.0
390.0
392.0
394.0
30.0
38.0
33.0
26.0
30.0
20.0
39.0
215.0
35.0
36.0
30.0
6.0
6.0
26.0
185.0
185.0
90.0
107.0
117.0
130.0
275.0
275.0
80.0
201.0
123.0
105.0
35.0
227.0
227.0
324.0
189.0
124.0
116.0
177.0
155.0
176.0
321.0
260.0
513.0
511.0
482.0
358.0
99.0
76.0
78.0
248.0
247.0
258.0
270.0
415.0
383.0
330.0
330.0
330.0
839.0
816.0
178.0
197.0
27.0
27.0
282.0
286.0
284.0
395.0
258.0
366.0
355.0
114.0
19.0
111.0
29.0
29.0
165.0
273.0
227.0
224.0
223.0
80.0
87.0
177.0
218.0
210.0
366.0
367.0
367.0
53.0
55.0
215.0
244.0
11.0
-13.0
-11.0
-12.0
-13.0
-12.0
-13.0
115.0
365.0
144.0
14.0
73.0
16.0
13.0
49.0
42.0
40.0
3.0
3.0
3.0
3.0
-12.0
4.0
3.0
6.0
1.0
-15.0
30.0
17.0
17.0
99.0
98.0
71.0
72.0
39.0
471.0
477.0
65.0
10.0
235.0
242.0
217.0
217.0
87.0
592.0
75.0
82.0
319.0
283.0
10.0
46.0
11.0
86.0
154.0
79.0
81.0
215.0
13.0
12.0
13.0
78.0
18.0
167.0
167.0
167.0
81.0
164.0
171.0
155.0
154.0
163.0
25.0
16.0
44.0
88.0
153.0
127.0
145.0
46.0
112.0
12.0
91.0
126.0
124.0
15.0
69.0
6.0
21.0
128.0
142.0
268.0
112.0
17.0
8.0
7.0
1158.0
1521.0
925.0
34.0
43.0
23.0
8.0
1034.0
14.0
17.0
165.0
480.0
42.0
41.0
252.0
81.0
2694.0
37.0
656.0
670.0
713.0
61.0
259.0
19.0
23.0
179.0
345.0
281.0
15.0
71.0
30.0
10.0
222.0
15.0
7.0
61.0
18.0
1827.0
241.0
10.0
226.0
330.0
9.0
2051.0
6.0
169.0
63.0
181.0
1619.0
27.0
8.0
425.0
153.0
11.0
42.0
32.0
13.0
282.0
17.0
30.0
30.0
127.0
7.0
9.0
593.0
572.0
1317.0
1317.0
342.0
343.0
502.0
502.0
236.0
489.0
391.0
10.0
450.0
106.0
859.0
1010.0
1010.0
792.0
903.0
904.0
658.0
651.0
651.0
651.0
919.0
919.0
922.0
272.0
970.0
822.0
632.0
617.0
592.0
579.0
300.0
300.0
308.0
512.0
390.0
16.0
492.0
548.0
543.0
540.0
561.0
338.0
833.0
2060.0
436.0
436.0
141.0
309.0
13.0
367.0
363.0
622.0
650.0
688.0
118.0
3.0
3.0
384.0
486.0
632.0
438.0
164.0
164.0
362.0
353.0
217.0
405.0
404.0
751.0
194.0
243.0
33.0
12.0
384.0
2440.0
3900.0
670.0
7.0
7.0
2799.0
250.0
308.0
60.0
41.0
181.0
240.0
588.0
588.0
478.0
226.0
733.0
727.0
781.0
200.0
378.0
250.0
57.0
56.0
324.0
135.0
307.0
169.0
165.0
62.0
62.0
62.0
397.0
631.0
113.0
133.0
1644.0
215.0
531.0
76.0
76.0
499.0
9.0
17.0
232.0
209.0
64.0
556.0
610.0
1172.0
1027.0
891.0
34.0
704.0
16.0
353.0
1508.0
157.0
24.0
1138.0
1241.0
88.0
87.0
1194.0
161.0
474.0
332.0
5.0
65.0
597.0
33.0
98.0
137.0
108.0
46.0
503.0
366.0
894.0
210.0
142.0
13.0
7.0
349.0
129.0
140.0
142.0
128.0
68.0
60.0
126.0
122.0
894.0
540.0
1011.0
1503.0
1128.0
761.0
769.0
2422.0
225.0
127.0
128.0
566.0
1761.0
592.0
1536.0
1271.0
233.0
1350.0
645.0
69.0
127.0
262.0
26.0
138.0
383.0
64.0
59.0
23.0
179.0
172.0
169.0
1353.0
308.0
454.0
1550.0
254.0
1196.0
1201.0
1819.0
1249.0
198.0
5.0
31.0
4.0
19.0
302.0
236.0
161.0
246.0
243.0
262.0
33.0
190.0
459.0
177.0
443.0
439.0
270.0
262.0
594.0
1346.0
2092.0
1067.0
118.0
98.0
69.0
82.0
5350.0
1945.0
4413.0
4457.0
5517.0
5498.0
144.0
143.0
4165.0
4146.0
4146.0
4142.0
4220.0
6050.0
220.0
4276.0
394.0
435.0
5792.0
5247.0
622.0
5438.0
5424.0
2582.0
2588.0
3531.0
4384.0
249.0
5525.0
1710.0
1659.0
3900.0
3950.0
2825.0
5460.0
4382.0
259.0
4517.0
4521.0
304.0
4875.0
4880.0
3059.0
3000.0
104.0
108.0
102.0
102.0
3486.0
4849.0
4878.0
1124.0
5573.0
4172.0
526.0
4074.0
2901.0
3900.0
52.0
52.0
1040.0
5558.0
5510.0
226.0
192.0
4401.0
444.0
1396.0
4228.0
2351.0
3408.0
4076.0
4014.0
4300.0
4300.0
4300.0
4643.0
4707.0
73.0
3852.0
5250.0
5205.0
4547.0
4484.0
5313.0
1914.0
1703.0
1679.0
2748.0
2782.0
2397.0
20.0
2300.0
328.0
4854.0
4862.0
3640.0
4070.0
4038.0
5078.0
4872.0
4919.0
4399.0
399.0
2877.0
2923.0
42.0
3281.0
3323.0
3271.0
3298.0
3092.0
3292.0
2938.0
3379.0
1030.0
1289.0
1158.0
54.0
43.0
2027.0
1208.0
1637.0
1939.0
1929.0
13.0
7.0
75.0
263.0
998.0
47.0
48.0
515.0
183.0
68.0
9.0
144.0
151.0
34.0
410.0
2119.0
1390.0
3963.0
3649.0
692.0
4347.0
2428.0
2263.0
119.0
3295.0
4636.0
4498.0
3248.0
3249.0
3781.0
3782.0
1841.0
3465.0
4166.0
4163.0
4272.0
4145.0
184.0
66.0
49.0
20.0
10.0
38.0
27.0
59.0
4734.0
4197.0
19.0
13.0
20.0
312.0
1552.0
66.0
16.0
202.0
35.0
37.0
13.0
20.0
24.0
23.0
33.0
13.0
10.0
16.0
16.0
1860.0
118.0
63.0
5571.0
5587.0
235.0
240.0
4573.0
210.0
3581.0
5851.0
4487.0
2723.0
2165.0
82.0
82.0
1932.0
1873.0
11.0
29.0
1436.0
269.0
581.0
39.0
98.0
33.0
26.0
30.0
16.0
4491.0
30.0
118.0
118.0
89.0
398.0
1444.0
1377.0
331.0
331.0
36.0
2904.0
4288.0
46.0
46.0
427.0
424.0
448.0
925.0
5735.0
787.0
346.0
216.0
690.0
625.0
314.0
1240.0
860.0
516.0
1738.0
144.0
265.0
266.0
259.0
2736.0
6190.0
10.0
10.0
1194.0
1751.0
1383.0
968.0
741.0
4350.0
4351.0
4812.0
4838.0
1421.0
4750.0
3490.0
4793.0
1664.0
3595.0
3543.0
2472.0
2468.0
1760.0
4028.0
3721.0
3721.0
4115.0
5325.0
5309.0
1827.0
4602.0
4610.0
3144.0
3439.0
3502.0
3191.0
420.0
421.0
3599.0
3599.0
14.0
3627.0
1870.0
248.0
5575.0
5572.0
5640.0
5574.0
998.0
1321.0
1060.0
1047.0
1505.0
1289.0
1407.0
2415.0
4039.0
1380.0
5655.0
5045.0
1624.0
4290.0
4918.0
2553.0
3543.0
3543.0
3474.0
2101.0
1595.0
2221.0
154.0
926.0
1187.0
866.0
836.0
1496.0
161.0
905.0
761.0
1366.0
1297.0
863.0
1585.0
1585.0
1601.0
1601.0
377.0
190.0
295.0
295.0
295.0
49.0
180.0
180.0
10.0
100.0
338.0
244.0
244.0
185.0
185.0
155.0
282.0
52.0
511.0
451.0
458.0
474.0
171.0
12.0
16.0
75.0
11.0
231.0
199.0
590.0
590.0
134.0
129.0
114.0
115.0
461.0
196.0
49.0
48.0
250.0
623.0
226.0
226.0
54.0
281.0
88.0
37.0
716.0
71.0
103.0
78.0
69.0
18.0
188.0
2062.0
2304.0
8.0
156.0
78.0
129.0
25.0
29.0
75.0
197.0
653.0
3642.0
1854.0
3428.0
1814.0
1870.0
1535.0
1486.0
526.0
1673.0
265.0
36.0
351.0
223.0
202.0
633.0
636.0
594.0
1506.0
13.0
16.0
3782.0
174.0
21.0
13.0
11.0
20.0
9.0
272.0
66.0
52.0
63.0
64.0
10.0
157.0
400.0
728.0
52.0
9.0
9.0
745.0
4.0
1194.0
38.0
69.0
3396.0
1657.0
1262.0
176.0
177.0
69.0
36.0
312.0
525.0
669.0
70.0
537.0
7617.0
7617.0
3895.0
6926.0
6008.0
3661.0
1637.0
6512.0
822.0
5502.0
5663.0
6306.0
7396.0
5100.0
2582.0
2582.0
5741.0
37.0
867.0
4471.0
13.0
49.0
115.0
49.0
1576.0
143.0
101.0
240.0
737.0
267.0
224.0
177.0
616.0
382.0
190.0
382.0
497.0
574.0
50.0
309.0
278.0
192.0
294.0
247.0
94.0
94.0
807.0
859.0
8.0
4299.0
134.0
114.0
610.0
464.0
2460.0
2460.0
2460.0
19.0
1017.0
7661.0
194.0
344.0
1503.0
15.0
6838.0
4173.0
5330.0
3749.0
1510.0
1715.0
20.0
20.0
805.0
73.0
62.0
190.0
177.0
2790.0
5546.0
5517.0
5380.0
770.0
2296.0
1355.0
372.0
372.0
36.0
30.0
2267.0
2156.0
1409.0
1405.0
35.0
880.0
1173.0
1110.0
480.0
520.0
2254.0
5032.0
5800.0
4881.0
6000.0
5189.0
1196.0
824.0
771.0
1582.0
2386.0
2590.0
2621.0
1671.0
1848.0
840.0
2106.0
1927.0
135.0
2637.0
1265.0
1288.0
902.0
1507.0
4520.0
173.0
182.0
3670.0
2700.0
2932.0
5600.0
355.0
355.0
3730.0
74.0
128.0
54.0
313.0
3778.0
3780.0
3510.0
3735.0
3146.0
4610.0
3679.0
3697.0
914.0
810.0
925.0
990.0
1040.0
930.0
821.0
840.0
395.0
894.0
65.0
4810.0
7173.0
7503.0
52.0
10.0
16.0
505.0
20.0
9.0
102.0
23.0
2717.0
928.0
60.0
16.0
14.0
2485.0
423.0
1672.0
773.0
619.0
1601.0
400.0
920.0
815.0
815.0
420.0
10.0
3627.0
640.0
156.0
570.0
33.0
56.0
614.0
327.0
95.0
640.0
128.0
2.0
77.0
6627.0
330.0
150.0
6874.0
577.0
585.0
840.0
830.0
1142.0
1015.0
383.0
1208.0
634.0
1910.0
264.0
801.0
1821.0
1823.0
450.0
956.0
292.0
285.0
292.0
55.0
7152.0
196.0
195.0
603.0
2245.0
1809.0
1814.0
116.0
11.0
388.0
1080.0
238.0
1556.0
674.0
1387.0
1367.0
346.0
5.0
7.0
899.0
912.0
913.0
1345.0
2049.0
2059.0
6689.0
1101.0
2068.0
2073.0
1305.0
730.0
491.0
491.0
2432.0
720.0
288.0
354.0
356.0
1093.0
2815.0
162.0
949.0
468.0
755.0
103.0
91.0
916.0
69.0
243.0
282.0
16.0
146.0
174.0
1478.0
1064.0
2154.0
2156.0
596.0
1366.0
408.0
874.0
867.0
1218.0
580.0
422.0
307.0
4766.0
1366.0
1120.0
1118.0
82.0
82.0
83.0
1691.0
1682.0
582.0
567.0
835.0
963.0
1206.0
1205.0
808.0
1747.0
652.0
654.0
254.0
1332.0
1589.0
232.0
234.0
625.0
1376.0
786.0
333.0
1000.0
996.0
130.0
147.0
4169.0
137.0
4020.0
828.0
4965.0
932.0
324.0
149.0
2908.0
2907.0
1772.0
2020.0
1154.0
225.0
533.0
516.0
198.0
268.0
120.0
122.0
779.0
670.0
1112.0
1114.0
1600.0
1846.0
1857.0
1305.0
1303.0
839.0
862.0
671.0
671.0
756.0
1116.0
1150.0
1150.0
4762.0
1170.0
1169.0
451.0
572.0
585.0
1247.0
652.0
653.0
83.0
968.0
1167.0
1168.0
4.0
4831.0
5733.0
109.0
930.0
818.0
550.0
1458.0
367.0
1128.0
1126.0
1379.0
60.0
59.0
1731.0
2516.0
2524.0
1248.0
5114.0
56.0
489.0
206.0
2727.0
746.0
1250.0
4772.0
5926.0
5927.0
5439.0
5408.0
7598.0
2566.0
148.0
2756.0
7395.0
924.0
923.0
1055.0
2006.0
956.0
417.0
534.0
674.0
2857.0
216.0
101.0
7536.0
920.0
456.0
437.0
61.0
4478.0
600.0
931.0
44.0
32.0
28.0
29.0
1349.0
711.0
1694.0
1270.0
721.0
175.0
175.0
892.0
196.0
196.0
1330.0
3423.0
3701.0
2816.0
2200.0
2369.0
2992.0
2992.0
515.0
994.0
1196.0
2933.0
2275.0
617.0
618.0
1434.0
1620.0
439.0
577.0
20.0
93.0
237.0
3324.0
3319.0
1620.0
822.0
840.0
584.0
936.0
247.0
1226.0
3418.0
1848.0
237.0
3908.0
3894.0
1577.0
897.0
79.0
129.0
59.0
289.0
3779.0
3667.0
3677.0
170.0
142.0
371.0
3535.0
2168.0
270.0
54.0
332.0
6542.0
8153.0
1029.0
1029.0
278.0
573.0
704.0
700.0
1208.0
1473.0
690.0
733.0
1152.0
1150.0
51.0
4689.0
120.0
677.0
1327.0
689.0
1374.0
1379.0
124.0
355.0
620.0
627.0
65.0
75.0
885.0
582.0
583.0
1346.0
1352.0
2720.0
1592.0
317.0
1859.0
803.0
429.0
1567.0
965.0
963.0
1205.0
1185.0
602.0
603.0
818.0
817.0
904.0
630.0
638.0
493.0
493.0
1027.0
65.0
678.0
1095.0
1090.0
1082.0
3312.0
3326.0
477.0
2085.0
2581.0
2585.0
682.0
685.0
970.0
230.0
197.0
786.0
63.0
75.0
1133.0
2408.0
882.0
1156.0
1095.0
2908.0
952.0
308.0
737.0
742.0
5030.0
4994.0
3980.0
1588.0
1930.0
1923.0
1232.0
1110.0
5999.0
42.0
43.0
43.0
6175.0
3183.0
5470.0
733.0
176.0
186.0
216.0
803.0
969.0
69.0
1605.0
1206.0
1489.0
86.0
2677.0
324.0
826.0
1256.0
2308.0
2643.0
1458.0
3243.0
1640.0
631.0
971.0
923.0
650.0
852.0
856.0
273.0
958.0
830.0
830.0
1455.0
244.0
319.0
230.0
1310.0
1012.0
1194.0
1192.0
807.0
810.0
1187.0
842.0
1075.0
81.0
240.0
23.0
24.0
691.0
883.0
465.0
238.0
238.0
689.0
292.0
789.0
472.0
62.0
86.0
624.0
39.0
5.0
4063.0
248.0
4992.0
5041.0
5237.0
5234.0
6050.0
6019.0
1735.0
1286.0
1340.0
873.0
698.0
532.0
1600.0
80.0
287.0
636.0
643.0
211.0
335.0
1922.0
288.0
283.0
30.0
33.0
13.0
12.0
12.0
13.0
1211.0
824.0
1941.0
843.0
838.0
106.0
834.0
333.0
363.0
880.0
433.0
432.0
1960.0
1959.0
1382.0
1905.0
1905.0
2545.0
2518.0
850.0
1603.0
930.0
936.0
99.0
655.0
1512.0
628.0
193.0
1154.0
650.0
932.0
1996.0
20.0
63.0
4110.0
887.0
3242.0
5270.0
292.0
244.0
597.0
760.0
944.0
1344.0
227.0
142.0
798.0
631.0
896.0
898.0
292.0
968.0
2731.0
507.0
2311.0
242.0
1875.0
290.0
525.0
2421.0
2417.0
5903.0
5915.0
5902.0
958.0
2240.0
1295.0
855.0
1400.0
605.0
1600.0
1041.0
1309.0
826.0
451.0
82.0
538.0
1642.0
1265.0
1240.0
1224.0
1656.0
2038.0
782.0
664.0
217.0
150.0
2322.0
51.0
3575.0
3603.0
3488.0
3516.0
3517.0
3605.0
3588.0
2799.0
653.0
264.0
356.0
1273.0
5172.0
384.0
518.0
613.0
1866.0
867.0
868.0
538.0
1152.0
443.0
309.0
2869.0
2863.0
180.0
618.0
982.0
878.0
622.0
120.0
818.0
820.0
541.0
541.0
492.0
757.0
1174.0
1290.0
655.0
530.0
1962.0
1765.0
861.0
141.0
804.0
233.0
606.0
787.0
3086.0
4705.0
4789.0
188.0
2800.0
941.0
946.0
4275.0
4400.0
3520.0
3915.0
680.0
8.0
1142.0
1142.0
574.0
1271.0
345.0
1249.0
663.0
897.0
5152.0
623.0
2430.0
322.0
104.0
914.0
920.0
830.0
1002.0
615.0
1366.0
1816.0
582.0
840.0
992.0
976.0
1158.0
1788.0
1792.0
3018.0
2263.0
966.0
1697.0
1174.0
1533.0
1426.0
1427.0
384.0
615.0
2937.0
129.0
2281.0
3875.0
7949.0
2121.0
2128.0
1414.0
4390.0
959.0
985.0
6126.0
1482.0
90.0
1790.0
4925.0
912.0
665.0
953.0
1860.0
208.0
795.0
581.0
584.0
769.0
1841.0
2874.0
2889.0
511.0
1478.0
797.0
1495.0
760.0
918.0
830.0
1607.0
1599.0
2299.0
108.0
2385.0
4089.0
1577.0
5100.0
3747.0
3293.0
4245.0
1687.0
2260.0
4394.0
2724.0
4243.0
4414.0
593.0
597.0
20.0
20.0
16.0
1401.0
871.0
4359.0
4366.0
394.0
383.0
1751.0
1791.0
1757.0
5305.0
5315.0
5312.0
5321.0
1302.0
1302.0
196.0
195.0
622.0
466.0
471.0
29.0
35.0
46.0
107.0
1126.0
508.0
509.0
188.0
187.0
61.0
75.0
39.0
1369.0
795.0
798.0
1004.0
1016.0
725.0
762.0
753.0
633.0
2991.0
1287.0
254.0
252.0
5837.0
5806.0
7946.0
1253.0
1259.0
84.0
84.0
6528.0
6526.0
6572.0
6572.0
1176.0
1162.0
1156.0
1040.0
6188.0
297.0
723.0
721.0
1250.0
1245.0
301.0
64.0
64.0
134.0
144.0
4007.0
1078.0
775.0
755.0
1220.0
1222.0
3929.0
3928.0
3923.0
5936.0
5897.0
880.0
912.0
1516.0
1520.0
528.0
515.0
1146.0
1163.0
1205.0
1205.0
142.0
863.0
428.0
427.0
517.0
1408.0
5111.0
797.0
4714.0
109.0
1044.0
1060.0
285.0
277.0
178.0
178.0
173.0
4144.0
4200.0
538.0
533.0
868.0
873.0
870.0
7539.0
7535.0
1149.0
1121.0
1124.0
675.0
3607.0
3602.0
200.0
749.0
752.0
883.0
955.0
925.0
595.0
751.0
782.0
905.0
912.0
716.0
7523.0
32.0
984.0
2587.0
2587.0
1329.0
1340.0
5332.0
951.0
975.0
1504.0
1473.0
1277.0
5822.0
5790.0
5800.0
14.0
21.0
29.0
7.0
7.0
4.0
35.0
56.0
57.0
216.0
683.0
689.0
641.0
2958.0
3062.0
421.0
1102.0
1102.0
1019.0
1020.0
653.0
161.0
24.0
831.0
839.0
273.0
272.0
273.0
100.0
706.0
712.0
700.0
310.0
309.0
1622.0
1630.0
9.0
28.0
7680.0
1339.0
199.0
68.0
338.0
356.0
519.0
13.0
12.0
839.0
840.0
818.0
823.0
2015.0
2015.0
280.0
270.0
1015.0
1024.0
1019.0
1026.0
1000.0
3541.0
3534.0
888.0
918.0
1747.0
1739.0
351.0
311.0
1803.0
1231.0
1490.0
775.0
776.0
492.0
542.0
1190.0
1201.0
378.0
1470.0
1473.0
2165.0
156.0
154.0
962.0
922.0
2019.0
2011.0
1602.0
752.0
751.0
212.0
129.0
137.0
1215.0
68.0
1425.0
1412.0
1441.0
1433.0
909.0
912.0
8322.0
141.0
137.0
141.0
1065.0
4874.0
4874.0
229.0
874.0
874.0
859.0
398.0
397.0
147.0
113.0
164.0
261.0
262.0
650.0
654.0
4531.0
4532.0
756.0
763.0
649.0
648.0
1038.0
1818.0
1827.0
1255.0
138.0
2547.0
2113.0
7586.0
823.0
13.0
1085.0
5868.0
1125.0
1123.0
1660.0
1665.0
171.0
173.0
169.0
3403.0
321.0
6.0
9.0
8.0
268.0
270.0
1408.0
128.0
133.0
627.0
626.0
630.0
719.0
2128.0
2109.0
3253.0
3262.0
3949.0
3962.0
21.0
17.0
1822.0
507.0
472.0
26.0
26.0
714.0
713.0
3035.0
2998.0
134.0
128.0
142.0
134.0
135.0
971.0
1591.0
1634.0
192.0
69.0
80.0
201.0
2959.0
603.0
644.0
108.0
1319.0
1324.0
3910.0
4124.0
4123.0
4113.0
214.0
3636.0
3584.0
3652.0
1661.0
1653.0
698.0
23.0
5613.0
5657.0
5670.0
1383.0
1390.0
1112.0
1263.0
1247.0
1284.0
3370.0
3366.0
3366.0
5589.0
581.0
581.0
1026.0
109.0
112.0
417.0
429.0
68.0
71.0
2495.0
2486.0
1607.0
1607.0
2850.0
395.0
397.0
162.0
150.0
159.0
5283.0
442.0
459.0
4228.0
831.0
846.0
857.0
871.0
871.0
1158.0
1259.0
29.0
31.0
569.0
599.0
590.0
543.0
2219.0
242.0
237.0
4145.0
4147.0
1160.0
1137.0
2884.0
2831.0
2824.0
14.0
18.0
17.0
17.0
15.0
17.0
109.0
118.0
113.0
2547.0
2550.0
6942.0
6989.0
928.0
15.0
15.0
19.0
750.0
1224.0
1220.0
1225.0
1226.0
692.0
694.0
17.0
17.0
20.0
642.0
198.0
1318.0
952.0
924.0
920.0
5520.0
5507.0
1314.0
1235.0
66.0
67.0
66.0
333.0
306.0
3170.0
2172.0
679.0
698.0
870.0
727.0
768.0
773.0
777.0
617.0
1204.0
1807.0
686.0
84.0
144.0
452.0
435.0
69.0
90.0
-127.0
1380.0
1384.0
547.0
531.0
146.0
141.0
142.0
139.0
965.0
968.0
118.0
292.0
1033.0
64.0
62.0
4968.0
250.0
4149.0
4149.0
2350.0
2350.0
44.0
4471.0
4440.0
4421.0
835.0
858.0
902.0
910.0
583.0
530.0
735.0
728.0
8680.0
925.0
928.0
925.0
927.0
881.0
824.0
811.0
1000.0
839.0
797.0
781.0
777.0
627.0
539.0
553.0
857.0
856.0
850.0
779.0
777.0
79.0
64.0
736.0
1307.0
1295.0
228.0
229.0
6182.0
1208.0
1190.0
4963.0
4964.0
614.0
620.0
1152.0
722.0
723.0
1232.0
942.0
3161.0
3167.0
3186.0
195.0
194.0
192.0
513.0
1391.0
970.0
24.0
23.0
18.0
17.0
1125.0
1116.0
1178.0
5578.0
5579.0
130.0
798.0
286.0
298.0
3293.0
3294.0
1942.0
1948.0
1948.0
173.0
170.0
1373.0
53.0
57.0
236.0
241.0
1499.0
887.0
867.0
867.0
213.0
576.0
5913.0
357.0
349.0
967.0
795.0
686.0
3718.0
754.0
745.0
7.0
9.0
19.0
873.0
342.0
338.0
47.0
1447.0
681.0
671.0
1231.0
1236.0
1149.0
1150.0
100.0
639.0
313.0
21.0
43.0
783.0
783.0
1175.0
238.0
225.0
852.0
869.0
3947.0
3942.0
1204.0
1203.0
319.0
321.0
793.0
799.0
316.0
1201.0
1202.0
1183.0
1803.0
310.0
302.0
66.0
171.0
897.0
893.0
899.0
1213.0
1212.0
543.0
538.0
520.0
770.0
770.0
767.0
762.0
822.0
820.0
818.0
1604.0
307.0
320.0
321.0
284.0
227.0
-184.0
168.0
706.0
742.0
746.0
742.0
71.0
61.0
935.0
815.0
803.0
751.0
754.0
743.0
752.0
1059.0
1095.0
836.0
830.0
1193.0
1045.0
1038.0
537.0
534.0
1473.0
1473.0
1472.0
3295.0
3270.0
3241.0
3269.0
604.0
617.0
620.0
3681.0
980.0
982.0
469.0
466.0
4551.0
5097.0
2302.0
2286.0
5.0
4.0
6.0
1697.0
336.0
340.0
340.0
1276.0
1278.0
6173.0
6187.0
6177.0
474.0
882.0
888.0
89.0
18.0
97.0
97.0
5321.0
5341.0
5348.0
5348.0
410.0
411.0
413.0
854.0
1302.0
894.0
962.0
1327.0
239.0
54.0
32.0
40.0
32.0
43.0
40.0
331.0
438.0
449.0
178.0
946.0
934.0
403.0
1274.0
2413.0
376.0
397.0
1906.0
1922.0
1289.0
1881.0
3850.0
3854.0
1161.0
684.0
682.0
42.0
41.0
142.0
193.0
914.0
914.0
914.0
916.0
388.0
774.0
883.0
875.0
886.0
866.0
224.0
202.0
668.0
4194.0
4192.0
4216.0
241.0
241.0
4284.0
4294.0
649.0
669.0
1273.0
1277.0
979.0
15.0
691.0
700.0
112.0
503.0
4.0
229.0
231.0
4697.0
167.0
275.0
336.0
334.0
664.0
6144.0
6151.0
1208.0
2502.0
2499.0
830.0
638.0
599.0
938.0
1926.0
1935.0
1665.0
1677.0
1128.0
1607.0
1609.0
1500.0
886.0
886.0
1244.0
1234.0
1070.0
1947.0
1950.0
1600.0
1602.0
976.0
2091.0
2255.0
2239.0
1492.0
7050.0
7030.0
867.0
350.0
310.0
832.0
834.0
744.0
743.0
739.0
50.0
28.0
28.0
31.0
912.0
1920.0
1927.0
477.0
476.0
480.0
535.0
571.0
300.0
998.0
1006.0
991.0
291.0
304.0
1077.0
1073.0
12.0
13.0
15.0
643.0
657.0
588.0
460.0
2594.0
2583.0
794.0
672.0
679.0
678.0
78.0
74.0
1145.0
5347.0
5351.0
5347.0
5319.0
5325.0
5374.0
355.0
626.0
624.0
2188.0
2210.0
708.0
550.0
591.0
562.0
524.0
567.0
602.0
607.0
4153.0
4148.0
4898.0
4909.0
401.0
395.0
3983.0
3990.0
6141.0
2571.0
2587.0
915.0
911.0
674.0
661.0
327.0
833.0
133.0
1081.0
1078.0
1076.0
1413.0
1428.0
976.0
976.0
5217.0
5153.0
313.0
212.0
211.0
943.0
2589.0
4311.0
4314.0
909.0
882.0
789.0
373.0
422.0
708.0
1273.0
651.0
682.0
682.0
24.0
19.0
751.0
758.0
753.0
757.0
4336.0
136.0
251.0
3140.0
192.0
194.0
201.0
657.0
668.0
6616.0
1002.0
916.0
912.0
635.0
633.0
4755.0
4759.0
1396.0
173.0
178.0
640.0
643.0
22.0
636.0
633.0
645.0
637.0
638.0
636.0
690.0
699.0
1113.0
4113.0
4126.0
669.0
1817.0
3705.0
3698.0
1014.0
1015.0
1449.0
1445.0
747.0
751.0
2.0
1615.0
1455.0
1445.0
96.0
150.0
152.0
546.0
305.0
457.0
453.0
1082.0
1082.0
113.0
45.0
391.0
296.0
338.0
1789.0
605.0
1070.0
1901.0
6200.0
2615.0
2606.0
4080.0
3976.0
3979.0
3166.0
3166.0
3174.0
281.0
3205.0
2386.0
3110.0
1735.0
2833.0
3630.0
4515.0
4510.0
2690.0
2705.0
3086.0
2892.0
4136.0
3995.0
1513.0
2348.0
5194.0
5200.0
4230.0
4830.0
1131.0
4774.0
2129.0
2129.0
1205.0
1221.0
887.0
883.0
75.0
1104.0
10.0
11.0
4140.0
4174.0
4174.0
2367.0
620.0
615.0
18.0
17.0
30.0
1104.0
345.0
61.0
2312.0
2303.0
2289.0
929.0
983.0
488.0
472.0
6348.0
573.0
3167.0
3189.0
26.0
31.0
31.0
922.0
929.0
1085.0
1062.0
1042.0
6461.0
190.0
1205.0
1276.0
1641.0
1640.0
3622.0
3605.0
836.0
385.0
5083.0
5072.0
294.0
130.0
2.0
3.0
778.0
771.0
778.0
1973.0
1940.0
5051.0
5140.0
959.0
750.0
699.0
184.0
259.0
277.0
275.0
2002.0
944.0
940.0
934.0
1710.0
1763.0
1440.0
3917.0
3952.0
3925.0
6240.0
6225.0
2124.0
7283.0
7282.0
7285.0
1204.0
1200.0
283.0
127.0
1293.0
1276.0
1273.0
1275.0
522.0
519.0
4230.0
4237.0
742.0
729.0
716.0
541.0
668.0
668.0
660.0
1254.0
1261.0
1261.0
1261.0
1268.0
35.0
1376.0
1378.0
679.0
731.0
732.0
1576.0
1575.0
853.0
869.0
609.0
604.0
96.0
112.0
36.0
33.0
1317.0
1316.0
2221.0
886.0
882.0
53.0
1017.0
1464.0
283.0
369.0
363.0
360.0
2426.0
8.0
7.0
8.0
1376.0
1378.0
1138.0
382.0
382.0
396.0
7131.0
7163.0
70.0
66.0
66.0
77.0
1532.0
1529.0
13.0
12.0
10.0
11.0
18.0
733.0
818.0
129.0
3.0
83.0
855.0
854.0
295.0
811.0
809.0
1036.0
618.0
1602.0
1602.0
1601.0
1264.0
1258.0
2008.0
830.0
984.0
1004.0
983.0
319.0
2102.0
973.0
278.0
1343.0
1350.0
157.0
1008.0
5348.0
5339.0
500.0
438.0
23.0
21.0
21.0
559.0
493.0
394.0
1561.0
2304.0
695.0
1340.0
16.0
21.0
1500.0
598.0
3746.0
249.0
3676.0
3687.0
862.0
10.0
910.0
896.0
901.0
900.0
333.0
331.0
184.0
183.0
242.0
1057.0
7034.0
7016.0
1465.0
1479.0
278.0
277.0
276.0
237.0
905.0
905.0
899.0
5838.0
249.0
303.0
294.0
1233.0
1250.0
1254.0
1251.0
1253.0
577.0
795.0
805.0
859.0
835.0
834.0
1202.0
1203.0
13.0
808.0
791.0
799.0
1181.0
1182.0
805.0
808.0
803.0
767.0
770.0
1366.0
1365.0
905.0
113.0
4648.0
4719.0
4612.0
1516.0
331.0
340.0
1276.0
1527.0
1530.0
35.0
34.0
857.0
857.0
623.0
808.0
783.0
7011.0
6.0
10.0
112.0
146.0
669.0
772.0
3963.0
3959.0
115.0
112.0
130.0
4513.0
4568.0
4567.0
5472.0
5480.0
14.0
15.0
1636.0
1635.0
983.0
4990.0
4973.0
764.0
765.0
473.0
473.0
1079.0
1112.0
1078.0
1063.0
48.0
49.0
63.0
340.0
1348.0
880.0
23.0
23.0
1072.0
63.0
78.0
791.0
1065.0
1159.0
1158.0
694.0
1423.0
1422.0
1426.0
1265.0
1188.0
903.0
449.0
469.0
228.0
3007.0
2995.0
2995.0
2985.0
2964.0
4165.0
4165.0
712.0
5450.0
5472.0
5446.0
724.0
738.0
754.0
754.0
879.0
880.0
877.0
710.0
710.0
668.0
800.0
802.0
799.0
85.0
976.0
410.0
815.0
798.0
802.0
436.0
417.0
415.0
1228.0
694.0
700.0
12.0
12.0
1229.0
1207.0
436.0
12.0
960.0
1250.0
356.0
365.0
751.0
457.0
447.0
569.0
542.0
820.0
2162.0
493.0
562.0
1887.0
1881.0
754.0
758.0
838.0
835.0
825.0
739.0
4343.0
4337.0
3648.0
3675.0
2890.0
2888.0
697.0
6533.0
1221.0
1564.0
1047.0
835.0
772.0
955.0
2454.0
2456.0
770.0
776.0
49.0
49.0
2385.0
2376.0
956.0
1043.0
3180.0
3904.0
3933.0
802.0
804.0
896.0
841.0
841.0
842.0
843.0
321.0
328.0
1361.0
1356.0
39.0
37.0
3419.0
357.0
354.0
990.0
736.0
2282.0
2288.0
3.0
764.0
1380.0
1390.0
3282.0
143.0
142.0
4784.0
4820.0
1393.0
1014.0
628.0
3656.0
3644.0
793.0
794.0
826.0
845.0
129.0
128.0
1319.0
1321.0
7.0
5.0
6.0
705.0
819.0
821.0
988.0
993.0
8162.0
3313.0
3284.0
193.0
208.0
3661.0
6520.0
6537.0
152.0
147.0
1056.0
5.0
9.0
3071.0
1151.0
1153.0
777.0
2962.0
2973.0
589.0
20.0
24.0
1302.0
1299.0
1224.0
692.0
695.0
629.0
541.0
540.0
290.0
1842.0
1844.0
1019.0
3544.0
3549.0
786.0
792.0
782.0
72.0
815.0
819.0
916.0
900.0
926.0
964.0
688.0
678.0
666.0
2556.0
2555.0
3677.0
3652.0
3645.0
927.0
924.0
260.0
789.0
785.0
7658.0
7660.0
6465.0
810.0
3101.0
453.0
1275.0
1274.0
912.0
520.0
870.0
141.0
152.0
145.0
1266.0
1254.0
5916.0
133.0
4661.0
4697.0
4652.0
483.0
955.0
730.0
741.0
992.0
968.0
589.0
591.0
250.0
258.0
685.0
51.0
1050.0
1744.0
449.0
4040.0
3668.0
3652.0
621.0
875.0
819.0
443.0
441.0
771.0
59.0
822.0
820.0
632.0
1645.0
149.0
669.0
1564.0
1539.0
1541.0
660.0
620.0
1055.0
817.0
5583.0
43.0
44.0
2306.0
2306.0
6580.0
920.0
930.0
927.0
927.0
928.0
237.0
240.0
192.0
185.0
77.0
87.0
87.0
86.0
2704.0
3730.0
262.0
270.0
12.0
14.0
376.0
376.0
1313.0
821.0
690.0
659.0
2386.0
2366.0
804.0
64.0
568.0
1348.0
1353.0
1048.0
4783.0
840.0
746.0
201.0
196.0
1468.0
1462.0
244.0
255.0
311.0
342.0
1143.0
1136.0
975.0
2238.0
1171.0
1172.0
3877.0
3864.0
3811.0
916.0
2693.0
4056.0
4051.0
4083.0
1506.0
1499.0
1092.0
1156.0
513.0
2406.0
2402.0
1231.0
525.0
3652.0
3661.0
3661.0
977.0
185.0
1288.0
1282.0
573.0
563.0
501.0
520.0
42.0
45.0
46.0
45.0
398.0
439.0
1176.0
34.0
3133.0
3132.0
18.0
452.0
446.0
641.0
189.0
34.0
34.0
34.0
1363.0
33.0
1480.0
3786.0
3783.0
23.0
387.0
387.0
1153.0
10.0
1939.0
1961.0
3790.0
3148.0
3145.0
6.0
609.0
628.0
4176.0
4156.0
1149.0
1149.0
55.0
42.0
828.0
827.0
568.0
685.0
572.0
568.0
569.0
493.0
481.0
6.0
8.0
1516.0
1525.0
1523.0
537.0
4444.0
4444.0
6.0
5.0
2588.0
2581.0
342.0
28.0
29.0
7.0
8.0
7.0
7.0
70.0
69.0
313.0
19.0
1051.0
1065.0
45.0
54.0
588.0
593.0
594.0
1209.0
1210.0
1980.0
1998.0
33.0
599.0
599.0
496.0
1786.0
1596.0
39.0
1228.0
907.0
3488.0
876.0
1034.0
1038.0
1724.0
993.0
738.0
1115.0
1119.0
978.0
912.0
1524.0
966.0
972.0
722.0
4774.0
4765.0
1028.0
580.0
883.0
844.0
1000.0
720.0
1057.0
1110.0
769.0
1051.0
1023.0
1337.0
1336.0
286.0
286.0
312.0
310.0
583.0
585.0
583.0
92.0
95.0
91.0
97.0
95.0
4926.0
994.0
2008.0
1313.0
1321.0
1332.0
4742.0
4731.0
1237.0
1360.0
126.0
821.0
819.0
3278.0
3298.0
115.0
116.0
1127.0
622.0
3409.0
3384.0
3358.0
615.0
616.0
963.0
645.0
240.0
235.0
617.0
617.0
131.0
625.0
622.0
910.0
903.0
844.0
79.0
79.0
75.0
21.0
30.0
1053.0
1043.0
3270.0
3272.0
33.0
35.0
36.0
806.0
1132.0
1124.0
738.0
789.0
788.0
686.0
2818.0
2822.0
1170.0
1185.0
3133.0
3096.0
950.0
968.0
4938.0
4897.0
1019.0
668.0
662.0
875.0
-57.0
-58.0
514.0
523.0
966.0
913.0
909.0
1537.0
80.0
80.0
93.0
92.0
90.0
91.0
99.0
677.0
685.0
1010.0
1020.0
1077.0
4219.0
1346.0
1353.0
1339.0
1223.0
793.0
790.0
70.0
111.0
142.0
1061.0
1085.0
2442.0
2455.0
2455.0
652.0
452.0
6413.0
305.0
305.0
213.0
1134.0
29.0
27.0
254.0
262.0
1751.0
403.0
546.0
547.0
3961.0
107.0
12.0
13.0
13.0
13.0
482.0
2652.0
48.0
1721.0
1723.0
14.0
16.0
914.0
1353.0
981.0
951.0
950.0
1010.0
1000.0
1493.0
1498.0
148.0
574.0
580.0
640.0
677.0
2270.0
2268.0
2270.0
527.0
804.0
795.0
808.0
469.0
474.0
1550.0
458.0
713.0
415.0
994.0
986.0
1061.0
169.0
175.0
1160.0
377.0
1665.0
1664.0
10.0
17.0
1501.0
368.0
464.0
875.0
1243.0
1243.0
1170.0
1011.0
1220.0
2457.0
3460.0
3460.0
737.0
913.0
1040.0
1409.0
1407.0
1416.0
898.0
946.0
2462.0
930.0
926.0
1786.0
1797.0
1009.0
1010.0
874.0
366.0
20.0
4823.0
2614.0
519.0
25.0
300.0
3199.0
5068.0
6750.0
14.0
280.0
3586.0
376.0
559.0
1413.0
2639.0
2453.0
1716.0
635.0
1713.0
3683.0
3679.0
593.0
600.0
130.0
132.0
7171.0
859.0
846.0
861.0
7283.0
7273.0
2176.0
2170.0
2155.0
2157.0
1110.0
112.0
108.0
119.0
118.0
3257.0
3255.0
3282.0
1141.0
1184.0
2776.0
2774.0
2884.0
2875.0
1309.0
1306.0
116.0
124.0
122.0
25.0
1431.0
1427.0
1427.0
13.0
12.0
545.0
742.0
735.0
740.0
186.0
198.0
23.0
641.0
641.0
562.0
563.0
68.0
75.0
2566.0
270.0
256.0
944.0
967.0
9.0
284.0
275.0
42.0
40.0
38.0
22.0
13.0
52.0
50.0
52.0
40.0
50.0
678.0
680.0
2717.0
2714.0
365.0
406.0
4438.0
4440.0
4457.0
287.0
120.0
857.0
556.0
43.0
42.0
37.0
39.0
4225.0
4238.0
366.0
5374.0
254.0
260.0
258.0
3611.0
3616.0
1139.0
1743.0
459.0
469.0
4733.0
4999.0
3505.0
268.0
544.0
1005.0
1010.0
5055.0
548.0
4087.0
4092.0
4091.0
13.0
12.0
14.0
501.0
5586.0
1199.0
1219.0
1195.0
1697.0
1704.0
624.0
624.0
2670.0
716.0
397.0
394.0
3900.0
3900.0
301.0
680.0
673.0
545.0
538.0
1211.0
78.0
793.0
963.0
2009.0
2006.0
2010.0
505.0
499.0
504.0
286.0
196.0
1193.0
12.0
4436.0
4437.0
4456.0
915.0
4289.0
4278.0
647.0
653.0
652.0
226.0
4964.0
117.0
1834.0
1826.0
1379.0
1382.0
1379.0
1041.0
1077.0
1071.0
717.0
483.0
481.0
482.0
238.0
892.0
895.0
697.0
44.0
43.0
373.0
379.0
284.0
329.0
4646.0
4655.0
4656.0
960.0
6866.0
6840.0
666.0
651.0
2288.0
832.0
831.0
5734.0
5708.0
135.0
119.0
1427.0
1370.0
4170.0
4128.0
4132.0
426.0
430.0
1119.0
1117.0
2400.0
2413.0
993.0
995.0
9925.0
544.0
899.0
918.0
1690.0
1691.0
1691.0
1431.0
231.0
1061.0
1215.0
36.0
224.0
892.0
280.0
268.0
490.0
238.0
1092.0
330.0
359.0
235.0
238.0
415.0
688.0
369.0
520.0
695.0
383.0
125.0
584.0
194.0
137.0
225.0
518.0
448.0
329.0
5827.0
3426.0
396.0
514.0
407.0
589.0
568.0
463.0
1545.0
198.0
271.0
529.0
209.0
209.0
2254.0
536.0
82.0
205.0
267.0
179.0
160.0
700.0
364.0
413.0
451.0
244.0
249.0
2850.0
2869.0
2863.0
2871.0
105.0
110.0
105.0
106.0
109.0
107.0
790.0
92.0
292.0
292.0
294.0
1702.0
1715.0
616.0
618.0
326.0
666.0
668.0
600.0
867.0
862.0
413.0
75.0
725.0
155.0
8.0
1011.0
1016.0
1014.0
2563.0
2583.0
2558.0
331.0
354.0
90.0
90.0
93.0
93.0
1209.0
1213.0
676.0
66.0
674.0
2803.0
2800.0
1970.0
411.0
404.0
405.0
718.0
1710.0
1717.0
308.0
617.0
619.0
608.0
606.0
607.0
1454.0
1454.0
216.0
217.0
287.0
290.0
2529.0
2517.0
253.0
271.0
278.0
288.0
188.0
4700.0
4708.0
1116.0
1077.0
1040.0
1287.0
1245.0
107.0
104.0
1252.0
1277.0
1308.0
1298.0
46.0
655.0
1068.0
1028.0
355.0
352.0
221.0
219.0
679.0
269.0
288.0
1241.0
1236.0
936.0
1296.0
1283.0
1054.0
1057.0
770.0
195.0
78.0
75.0
220.0
218.0
2778.0
2777.0
2791.0
8.0
8.0
7.0
8.0
1668.0
869.0
869.0
868.0
868.0
937.0
929.0
808.0
410.0
421.0
74.0
81.0
974.0
971.0
55.0
1431.0
77.0
86.0
1559.0
749.0
743.0
704.0
677.0
672.0
723.0
670.0
622.0
627.0
2558.0
433.0
407.0
1385.0
611.0
607.0
72.0
1007.0
1019.0
73.0
4.0
25.0
31.0
32.0
741.0
4503.0
1051.0
5023.0
578.0
578.0
585.0
384.0
2629.0
2630.0
401.0
400.0
76.0
79.0
79.0
21.0
7128.0
807.0
103.0
1179.0
1180.0
161.0
252.0
183.0
187.0
161.0
161.0
1181.0
95.0
614.0
621.0
989.0
986.0
1031.0
1299.0
1034.0
488.0
843.0
213.0
216.0
97.0
96.0
755.0
754.0
1313.0
1713.0
1702.0
1123.0
1128.0
440.0
1214.0
2254.0
891.0
1876.0
1884.0
1494.0
1497.0
1115.0
1092.0
725.0
705.0
691.0
10.0
14.0
862.0
858.0
639.0
202.0
519.0
543.0
564.0
544.0
664.0
4827.0
4825.0
4840.0
7.0
7.0
7.0
1164.0
1129.0
1231.0
1021.0
198.0
155.0
542.0
539.0
860.0
859.0
859.0
3199.0
3192.0
832.0
838.0
841.0
840.0
203.0
203.0
1403.0
3.0
2.0
4.0
580.0
5.0
5695.0
5690.0
22.0
718.0
715.0
6.0
941.0
651.0
646.0
489.0
485.0
490.0
466.0
292.0
2986.0
545.0
536.0
413.0
1031.0
1034.0
7605.0
713.0
96.0
468.0
480.0
55.0
56.0
67.0
453.0
454.0
737.0
732.0
744.0
742.0
1184.0
1185.0
1165.0
1164.0
1181.0
1242.0
917.0
914.0
1407.0
642.0
650.0
240.0
171.0
822.0
825.0
417.0
414.0
414.0
823.0
812.0
5021.0
22.0
60.0
61.0
1276.0
1277.0
1074.0
1877.0
1875.0
859.0
858.0
1197.0
28.0
43.0
481.0
34.0
7667.0
730.0
1410.0
1541.0
1523.0
1892.0
551.0
254.0
187.0
602.0
435.0
4326.0
4278.0
1764.0
683.0
458.0
54.0
853.0
65.0
548.0
542.0
543.0
539.0
107.0
290.0
502.0
1069.0
657.0
37.0
32.0
-1.0
1.0
54.0
45.0
24.0
24.0
20.0
162.0
175.0
170.0
172.0
91.0
99.0
95.0
5.0
6.0
6.0
142.0
142.0
146.0
13.0
62.0
99.0
107.0
80.0
3929.0
3934.0
3934.0
622.0
17.0
13.0
9.0
13.0
127.0
137.0
138.0
140.0
14.0
29.0
37.0
39.0
27.0
9.0
9.0
9.0
9.0
8.0
9.0
9.0
9.0
9.0
9.0
2283.0
2260.0
2202.0
23.0
12.0
-47.0
-46.0
22.0
519.0
28.0
23.0
19.0
28.0
425.0
430.0
461.0
221.0
232.0
255.0
271.0
300.0
257.0
257.0
9.0
28.0
23.0
24.0
276.0
296.0
118.0
126.0
126.0
48.0
50.0
48.0
48.0
4.0
5.0
4.0
199.0
13.0
2348.0
2382.0
143.0
140.0
142.0
143.0
143.0
142.0
140.0
141.0
24.0
24.0
170.0
166.0
199.0
198.0
485.0
11.0
10.0
20.0
18.0
18.0
19.0
91.0
13.0
14.0
1.0
1.0
18.0
39.0
892.0
877.0
23.0
23.0
2051.0
865.0
10.0
193.0
188.0
195.0
196.0
19.0
19.0
4898.0
4525.0
4527.0
44.0
1434.0
159.0
532.0
13.0
2089.0
2118.0
6758.0
3710.0
3679.0
221.0
2053.0
385.0
1658.0
215.0
113.0
422.0
4377.0
2917.0
1040.0
60.0
1092.0
2350.0
6460.0
4623.0
272.0
1287.0
1208.0
87.0
1691.0
4983.0
4040.0
2390.0
21.0
22.0
3323.0
90.0
6.0
8.0
8.0
2.0
134.0
34.0
34.0
25.0
40.0
88.0
81.0
339.0
337.0
604.0
32.0
32.0
37.0
2952.0
2971.0
2987.0
2070.0
2060.0
414.0
414.0
956.0
956.0
3040.0
3045.0
883.0
1038.0
1573.0
1543.0
204.0
3260.0
3278.0
170.0
195.0
174.0
4473.0
4448.0
4436.0
639.0
286.0
1010.0
2668.0
2683.0
2703.0
1601.0
1096.0
25.0
1279.0
1286.0
1282.0
1275.0
140.0
830.0
826.0
683.0
720.0
3394.0
726.0
407.0
126.0
125.0
2131.0
2135.0
1984.0
1101.0
206.0
196.0
3836.0
1440.0
1447.0
401.0
465.0
482.0
1076.0
982.0
983.0
981.0
445.0
1305.0
29.0
25.0
655.0
655.0
2030.0
2031.0
4875.0
4799.0
2193.0
130.0
151.0
943.0
935.0
13.0
1264.0
1271.0
1275.0
579.0
581.0
837.0
837.0
7.0
6.0
8.0
70.0
71.0
796.0
459.0
12.0
12.0
19.0
769.0
1309.0
656.0
661.0
668.0
660.0
669.0
672.0
680.0
653.0
666.0
646.0
552.0
534.0
21.0
19.0
9.0
13.0
981.0
1005.0
541.0
544.0
105.0
104.0
31.0
363.0
634.0
781.0
789.0
790.0
797.0
903.0
904.0
901.0
900.0
480.0
1574.0
1568.0
16.0
13.0
841.0
840.0
1175.0
1181.0
181.0
193.0
1071.0
758.0
752.0
672.0
672.0
1106.0
405.0
407.0
48.0
49.0
962.0
958.0
966.0
265.0
263.0
883.0
754.0
9.0
11.0
725.0
1041.0
681.0
683.0
34.0
924.0
1902.0
2377.0
296.0
301.0
962.0
4740.0
4780.0
1548.0
1565.0
5573.0
3261.0
5234.0
1177.0
448.0
5237.0
4743.0
4182.0
3520.0
572.0
597.0
558.0
410.0
392.0
16.0
14.0
5139.0
6.0
204.0
234.0
1465.0
1465.0
19.0
17.0
17.0
1473.0
1451.0
153.0
589.0
586.0
840.0
827.0
651.0
651.0
1002.0
998.0
990.0
996.0
999.0
1486.0
1487.0
1464.0
22.0
29.0
22.0
881.0
990.0
902.0
2613.0
2608.0
428.0
4242.0
4245.0
23.0
20.0
18.0
289.0
289.0
22.0
25.0
26.0
894.0
37.0
37.0
1907.0
1892.0
17.0
16.0
9.0
13.0
20.0
9.0
640.0
644.0
2201.0
2207.0
580.0
1110.0
1111.0
1113.0
643.0
632.0
298.0
10.0
10.0
7.0
6.0
7.0
4442.0
4447.0
13.0
13.0
14.0
13.0
902.0
1742.0
1729.0
1139.0
1204.0
1135.0
1148.0
895.0
400.0
806.0
831.0
1443.0
1437.0
1493.0
30.0
913.0
938.0
710.0
718.0
483.0
538.0
792.0
2543.0
2540.0
660.0
19.0
18.0
17.0
221.0
1188.0
37.0
7086.0
998.0
111.0
121.0
979.0
239.0
262.0
97.0
121.0
649.0
217.0
976.0
963.0
329.0
329.0
1224.0
146.0
165.0
1194.0
5092.0
4994.0
5010.0
3243.0
3241.0
3238.0
864.0
899.0
801.0
810.0
710.0
454.0
473.0
16.0
1723.0
1734.0
812.0
807.0
4970.0
5022.0
5024.0
651.0
451.0
1010.0
2891.0
530.0
540.0
541.0
4078.0
4066.0
1867.0
1948.0
406.0
399.0
392.0
1194.0
1171.0
2105.0
97.0
423.0
413.0
7624.0
449.0
451.0
11.0
12.0
11.0
193.0
186.0
471.0
970.0
976.0
980.0
973.0
7.0
939.0
949.0
933.0
1950.0
430.0
307.0
4667.0
4654.0
4725.0
4726.0
5855.0
5857.0
5953.0
1289.0
2567.0
999.0
1018.0
9.0
51.0
54.0
446.0
2577.0
21.0
28.0
965.0
968.0
4497.0
4494.0
3373.0
3372.0
1270.0
1290.0
1283.0
1295.0
2250.0
568.0
591.0
647.0
644.0
643.0
77.0
45.0
444.0
419.0
550.0
135.0
145.0
585.0
2915.0
2915.0
669.0
92.0
128.0
240.0
667.0
670.0
760.0
774.0
3173.0
3191.0
5.0
655.0
651.0
2343.0
2344.0
524.0
345.0
587.0
79.0
89.0
81.0
82.0
3279.0
474.0
798.0
796.0
1999.0
788.0
1222.0
1234.0
358.0
350.0
500.0
505.0
344.0
291.0
1042.0
1042.0
1044.0
3041.0
3070.0
896.0
367.0
397.0
432.0
1469.0
708.0
742.0
434.0
435.0
778.0
1607.0
1623.0
1598.0
1682.0
121.0
121.0
159.0
157.0
167.0
1135.0
1124.0
1127.0
5301.0
5457.0
140.0
1515.0
1535.0
5459.0
5525.0
64.0
668.0
50.0
45.0
14.0
20.0
445.0
6730.0
6728.0
1659.0
391.0
394.0
504.0
632.0
644.0
632.0
211.0
939.0
1032.0
743.0
762.0
996.0
1386.0
4409.0
4415.0
4415.0
736.0
736.0
24.0
140.0
1152.0
1165.0
527.0
540.0
554.0
1358.0
924.0
3667.0
3665.0
3663.0
1059.0
1059.0
1520.0
1537.0
1096.0
1092.0
1113.0
1104.0
772.0
3491.0
3463.0
990.0
933.0
6698.0
1412.0
1417.0
1318.0
1317.0
1359.0
1074.0
1856.0
1860.0
276.0
1315.0
1268.0
462.0
456.0
27.0
6332.0
6342.0
367.0
1532.0
770.0
782.0
783.0
173.0
816.0
1255.0
622.0
619.0
624.0
1017.0
1016.0
159.0
6741.0
6813.0
706.0
391.0
4858.0
1151.0
2393.0
2398.0
2385.0
818.0
823.0
1231.0
1028.0
685.0
698.0
989.0
986.0
725.0
725.0
3545.0
1845.0
106.0
1254.0
225.0
540.0
458.0
4158.0
2108.0
665.0
2056.0
1422.0
2417.0
2430.0
3250.0
3246.0
696.0
59.0
57.0
1694.0
2581.0
2537.0
4574.0
1136.0
2416.0
2127.0
1184.0
2198.0
2347.0
2203.0
3474.0
2103.0
750.0
7012.0
18.0
23.0
22.0
3158.0
3163.0
6274.0
6281.0
6317.0
14.0
531.0
538.0
786.0
797.0
809.0
29.0
17.0
1180.0
1286.0
9.0
9.0
8.0
1085.0
742.0
749.0
788.0
790.0
799.0
324.0
162.0
162.0
6871.0
1092.0
3414.0
3417.0
45.0
46.0
1323.0
1318.0
569.0
318.0
325.0
27.0
25.0
1545.0
961.0
952.0
477.0
499.0
486.0
1448.0
526.0
521.0
1981.0
1979.0
430.0
432.0
430.0
359.0
366.0
368.0
56.0
60.0
450.0
166.0
1303.0
1321.0
520.0
525.0
525.0
571.0
583.0
434.0
436.0
4736.0
52.0
55.0
46.0
49.0
1943.0
1951.0
238.0
242.0
10.0
12.0
5.0
6.0
67.0
72.0
70.0
612.0
419.0
426.0
1264.0
1260.0
1051.0
1042.0
9.0
10.0
10.0
9.0
82.0
820.0
219.0
220.0
2832.0
1174.0
1419.0
259.0
4021.0
3962.0
4014.0
237.0
258.0
692.0
313.0
537.0
2647.0
42.0
38.0
38.0
5724.0
5731.0
1917.0
1903.0
1899.0
669.0
669.0
2461.0
691.0
1249.0
1245.0
7043.0
1488.0
1477.0
1480.0
4222.0
4226.0
4221.0
4219.0
195.0
196.0
1190.0
641.0
20.0
20.0
278.0
1638.0
1639.0
1271.0
1258.0
1245.0
1254.0
573.0
489.0
834.0
834.0
914.0
27.0
25.0
4036.0
127.0
101.0
83.0
100.0
178.0
182.0
210.0
222.0
54.0
52.0
400.0
473.0
2376.0
2418.0
1069.0
71.0
84.0
84.0
4295.0
4313.0
2139.0
455.0
459.0
6413.0
6400.0
793.0
55.0
3902.0
3931.0
3884.0
7.0
5.0
218.0
587.0
589.0
590.0
1002.0
1019.0
1000.0
1001.0
1339.0
1337.0
4265.0
647.0
641.0
5.0
1025.0
235.0
995.0
1024.0
23.0
24.0
6814.0
6769.0
238.0
237.0
577.0
571.0
12.0
18.0
1232.0
1021.0
1031.0
1103.0
1105.0
331.0
811.0
826.0
4028.0
4034.0
551.0
617.0
528.0
540.0
700.0
704.0
704.0
129.0
111.0
17.0
16.0
14.0
901.0
722.0
719.0
5311.0
463.0
461.0
20.0
36.0
56.0
674.0
672.0
1093.0
1097.0
390.0
5446.0
5386.0
5446.0
5446.0
4149.0
4147.0
954.0
18.0
482.0
471.0
745.0
960.0
1000.0
1500.0
1494.0
2379.0
2340.0
1409.0
1808.0
3392.0
3392.0
3389.0
3380.0
799.0
419.0
416.0
392.0
838.0
2129.0
603.0
20.0
20.0
117.0
120.0
410.0
6361.0
528.0
340.0
1404.0
260.0
586.0
23.0
24.0
2765.0
3451.0
1930.0
161.0
2431.0
1714.0
68.0
855.0
47.0
46.0
600.0
69.0
1695.0
365.0
2214.0
25.0
1514.0
1502.0
2532.0
5755.0
5760.0
35.0
36.0
616.0
616.0
1158.0
187.0
187.0
4040.0
4065.0
153.0
167.0
286.0
4810.0
4830.0
4850.0
4820.0
193.0
180.0
592.0
356.0
3642.0
3647.0
622.0
620.0
9.0
6.0
608.0
920.0
9061.0
15.0
359.0
5.0
1082.0
1078.0
1077.0
470.0
2926.0
1226.0
1260.0
734.0
735.0
737.0
737.0
289.0
32.0
30.0
1340.0
1331.0
1326.0
575.0
1467.0
259.0
260.0
61.0
81.0
271.0
349.0
351.0
352.0
8.0
8.0
8.0
166.0
25.0
17.0
1877.0
1854.0
13.0
952.0
5467.0
91.0
94.0
1295.0
994.0
972.0
389.0
398.0
683.0
674.0
878.0
880.0
879.0
4196.0
4203.0
14.0
26.0
21.0
7.0
7.0
5426.0
5426.0
674.0
682.0
1027.0
873.0
2960.0
1488.0
1519.0
5886.0
5897.0
472.0
474.0
-116.0
-115.0
757.0
1163.0
3962.0
246.0
28.0
611.0
160.0
212.0
10.0
671.0
626.0
634.0
342.0
2574.0
2578.0
2564.0
1220.0
624.0
624.0
617.0
1116.0
1113.0
239.0
264.0
1020.0
6251.0
85.0
4270.0
4141.0
4104.0
1073.0
1075.0
372.0
370.0
370.0
338.0
362.0
5820.0
922.0
541.0
516.0
517.0
923.0
938.0
902.0
771.0
1016.0
6003.0
5998.0
4413.0
4481.0
3603.0
6260.0
4727.0
4723.0
4946.0
4978.0
7272.0
1498.0
4470.0
4603.0
5839.0
5786.0
6759.0
4835.0
4886.0
6335.0
4080.0
4080.0
4742.0
3163.0
5814.0
5819.0
5750.0
5765.0
7030.0
2963.0
2530.0
196.0
1241.0
1239.0
188.0
1023.0
1023.0
1016.0
335.0
73.0
189.0
192.0
192.0
897.0
906.0
725.0
727.0
175.0
756.0
765.0
759.0
1249.0
614.0
1171.0
526.0
1011.0
1004.0
3071.0
3065.0
786.0
763.0
1225.0
929.0
936.0
1231.0
1953.0
412.0
779.0
777.0
194.0
300.0
148.0
146.0
933.0
942.0
1076.0
9.0
1081.0
667.0
233.0
231.0
45.0
238.0
1288.0
116.0
103.0
115.0
104.0
106.0
2878.0
2828.0
20.0
19.0
272.0
272.0
5278.0
5262.0
710.0
1005.0
2204.0
2189.0
2205.0
3956.0
3957.0
1136.0
1148.0
1208.0
292.0
2063.0
106.0
532.0
530.0
199.0
201.0
196.0
729.0
1145.0
12.0
17.0
15.0
783.0
785.0
791.0
793.0
912.0
755.0
50.0
87.0
771.0
771.0
81.0
78.0
80.0
80.0
23.0
20.0
23.0
571.0
576.0
883.0
824.0
838.0
2590.0
2588.0
593.0
609.0
28.0
1223.0
1227.0
1091.0
1100.0
654.0
156.0
160.0
161.0
1630.0
409.0
1156.0
167.0
4.0
4195.0
903.0
368.0
382.0
371.0
855.0
5.0
123.0
947.0
34.0
20.0
31.0
1065.0
545.0
1158.0
1166.0
934.0
934.0
998.0
2350.0
1160.0
1157.0
138.0
139.0
4300.0
4298.0
294.0
131.0
122.0
4212.0
4182.0
4161.0
51.0
57.0
140.0
163.0
268.0
308.0
23.0
17.0
2160.0
6644.0
60.0
62.0
126.0
124.0
19.0
25.0
18.0
18.0
63.0
64.0
12.0
6.0
7.0
74.0
70.0
809.0
29.0
30.0
22.0
386.0
386.0
10.0
1287.0
135.0
4491.0
4491.0
1333.0
2303.0
1924.0
1937.0
1048.0
1054.0
1630.0
881.0
1102.0
1103.0
921.0
858.0
858.0
1283.0
1269.0
1615.0
1646.0
602.0
815.0
805.0
970.0
1997.0
775.0
875.0
875.0
642.0
642.0
716.0
715.0
716.0
715.0
715.0
1073.0
1095.0
1274.0
1306.0
1123.0
1107.0
1250.0
111.0
395.0
40.0
1067.0
1734.0
88.0
85.0
896.0
867.0
708.0
45.0
5330.0
1156.0
109.0
89.0
282.0
2113.0
564.0
1739.0
203.0
402.0
11.0
41.0
71.0
519.0
129.0
290.0
299.0
299.0
291.0
272.0
169.0
19.0
958.0
264.0
1779.0
93.0
70.0
979.0
544.0
512.0
353.0
289.0
243.0
2281.0
142.0
26.0
6.0
399.0
115.0
292.0
116.0
119.0
2962.0
2907.0
7.0
8.0
8.0
579.0
1093.0
2267.0
17.0
327.0
2267.0
2264.0
3262.0
1163.0
2216.0
403.0
1842.0
2029.0
1768.0
1768.0
13.0
1080.0
68.0
11.0
485.0
2994.0
3034.0
1147.0
1942.0
1995.0
1919.0
1998.0
52.0
52.0
278.0
277.0
272.0
641.0
285.0
2054.0
475.0
2556.0
15.0
24.0
475.0
1468.0
1468.0
250.0
231.0
226.0
63.0
2595.0
2587.0
115.0
217.0
10.0
1170.0
2628.0
2302.0
3331.0
1967.0
205.0
225.0
2768.0
2770.0
1651.0
855.0
11.0
823.0
834.0
83.0
323.0
11.0
272.0
295.0
253.0
295.0
418.0
417.0
568.0
117.0
31.0
718.0
343.0
333.0
505.0
36.0
19.0
177.0
165.0
193.0
203.0
74.0
160.0
153.0
170.0
534.0
77.0
87.0
59.0
417.0
1346.0
1273.0
164.0
144.0
490.0
488.0
581.0
619.0
92.0
1238.0
432.0
303.0
101.0
242.0
207.0
2028.0
884.0
60.0
1076.0
1332.0
52.0
52.0
553.0
128.0
128.0
704.0
460.0
2595.0
302.0
299.0
948.0
79.0
574.0
1910.0
191.0
341.0
341.0
2425.0
1096.0
189.0
243.0
35.0
159.0
256.0
344.0
139.0
1857.0
282.0
446.0
401.0
411.0
151.0
1112.0
9.0
315.0
105.0
60.0
20.0
40.0
1076.0
104.0
496.0
168.0
358.0
120.0
381.0
175.0
617.0
539.0
538.0
531.0
531.0
382.0
308.0
297.0
293.0
1411.0
37.0
203.0
521.0
922.0
931.0
909.0
663.0
668.0
1710.0
905.0
44.0
42.0
39.0
1210.0
1219.0
1229.0
394.0
489.0
476.0
489.0
535.0
722.0
111.0
79.0
475.0
505.0
369.0
10.0
384.0
453.0
889.0
1224.0
544.0
174.0
354.0
627.0
787.0
788.0
789.0
457.0
643.0
1368.0
1361.0
1360.0
558.0
1556.0
1553.0
639.0
677.0
696.0
761.0
994.0
226.0
226.0
350.0
350.0
1046.0
1044.0
777.0
1148.0
834.0
828.0
1204.0
1176.0
794.0
1231.0
1232.0
197.0
584.0
352.0
797.0
650.0
3307.0
4681.0
919.0
2713.0
2719.0
3218.0
1481.0
852.0
1830.0
1075.0
1073.0
1045.0
890.0
791.0
414.0
1666.0
1961.0
279.0
344.0
255.0
16.0
245.0
965.0
576.0
713.0
787.0
811.0
865.0
165.0
413.0
746.0
823.0
1027.0
13.0
63.0
40.0
157.0
15.0
1270.0
10.0
20.0
1130.0
509.0
769.0
1092.0
1089.0
1072.0
529.0
973.0
718.0
621.0
1576.0
6583.0
780.0
758.0
728.0
782.0
784.0
1093.0
1489.0
239.0
500.0
502.0
1224.0
771.0
525.0
817.0
2096.0
528.0
648.0
1092.0
342.0
258.0
263.0
7.0
14.0
11.0
197.0
196.0
741.0
741.0
1291.0
77.0
433.0
8.0
8.0
11.0
10.0
195.0
195.0
144.0
130.0
1372.0
3694.0
656.0
17.0
10.0
51.0
113.0
553.0
197.0
195.0
197.0
197.0
207.0
1943.0
1947.0
3320.0
2959.0
233.0
246.0
886.0
886.0
5.0
351.0
2726.0
3040.0
5604.0
108.0
108.0
1772.0
148.0
148.0
886.0
447.0
1237.0
546.0
332.0
352.0
359.0
433.0
254.0
448.0
479.0
662.0
310.0
220.0
213.0
210.0
412.0
556.0
787.0
89.0
499.0
499.0
390.0
397.0
509.0
263.0
351.0
433.0
327.0
488.0
489.0
407.0
423.0
390.0
112.0
148.0
142.0
147.0
148.0
148.0
281.0
554.0
186.0
188.0
219.0
209.0
348.0
338.0
336.0
378.0
370.0
200.0
470.0
470.0
466.0
464.0
354.0
365.0
295.0
296.0
538.0
536.0
287.0
283.0
277.0
387.0
384.0
361.0
361.0
274.0
323.0
246.0
584.0
425.0
373.0
369.0
307.0
388.0
372.0
387.0
794.0
785.0
328.0
738.0
738.0
991.0
995.0
568.0
906.0
447.0
311.0
314.0
167.0
1266.0
233.0
249.0
65.0
67.0
996.0
148.0
157.0
174.0
167.0
61.0
787.0
492.0
1181.0
1056.0
722.0
311.0
289.0
452.0
209.0
193.0
105.0
44.0
472.0
144.0
134.0
288.0
330.0
256.0
232.0
223.0
272.0
272.0
160.0
80.0
110.0
277.0
236.0
296.0
293.0
73.0
450.0
250.0
249.0
429.0
433.0
12.0
807.0
881.0
865.0
719.0
726.0
1084.0
489.0
488.0
443.0
507.0
509.0
409.0
408.0
1016.0
1030.0
700.0
1105.0
2676.0
503.0
1362.0
1283.0
1273.0
276.0
291.0
872.0
858.0
266.0
6.0
12.0
2438.0
301.0
59.0
8.0
27.0
807.0
823.0
118.0
92.0
92.0
98.0
77.0
77.0
77.0
311.0
275.0
275.0
4241.0
7.0
17.0
31.0
10.0
255.0
271.0
83.0
129.0
8.0
78.0
1550.0
78.0
57.0
78.0
2167.0
1045.0
32.0
488.0
26.0
199.0
412.0
36.0
5.0
19.0
11.0
750.0
2050.0
8.0
13.0
241.0
233.0
395.0
17.0
57.0
11.0
119.0
142.0
9.0
203.0
110.0
16.0
37.0
37.0
428.0
9.0
20.0
225.0
123.0
126.0
376.0
14.0
483.0
2113.0
9.0
14.0
11.0
283.0
495.0
450.0
422.0
355.0
433.0
376.0
318.0
322.0
338.0
338.0
650.0
418.0
902.0
432.0
408.0
292.0
526.0
331.0
262.0
268.0
268.0
262.0
643.0
417.0
730.0
2210.0
177.0
520.0
176.0
108.0
260.0
215.0
151.0
46.0
46.0
29.0
1126.0
1129.0
20.0
37.0
48.0
620.0
635.0
42.0
33.0
278.0
38.0
84.0
10.0
81.0
80.0
3340.0
3336.0
3324.0
1240.0
151.0
151.0
54.0
62.0
52.0
335.0
30.0
610.0
69.0
69.0
97.0
92.0
9.0
35.0
22.0
830.0
299.0
925.0
863.0
399.0
1050.0
13.0
161.0
745.0
946.0
935.0
484.0
745.0
764.0
779.0
782.0
981.0
145.0
9.0
353.0
353.0
585.0
158.0
607.0
455.0
1790.0
1267.0
51.0
321.0
771.0
773.0
18.0
269.0
120.0
56.0
163.0
97.0
330.0
286.0
353.0
37.0
21.0
136.0
44.0
13.0
220.0
47.0
7.0
7.0
814.0
46.0
39.0
634.0
37.0
341.0
40.0
7.0
11.0
14.0
7.0
288.0
289.0
630.0
28.0
93.0
18.0
284.0
2.0
3.0
123.0
15.0
17.0
55.0
970.0
969.0
977.0
667.0
770.0
376.0
1656.0
504.0
1273.0
875.0
5.0
1247.0
774.0
1384.0
1585.0
925.0
1417.0
778.0
757.0
1575.0
1575.0
1364.0
780.0
791.0
1621.0
1621.0
1214.0
863.0
1818.0
939.0
1421.0
617.0
925.0
925.0
574.0
571.0
571.0
1987.0
1303.0
1175.0
768.0
778.0
801.0
842.0
1548.0
974.0
1001.0
1873.0
1207.0
735.0
702.0
1529.0
1519.0
1201.0
1237.0
663.0
1247.0
1202.0
1160.0
814.0
1273.0
728.0
728.0
837.0
1528.0
765.0
765.0
1411.0
1440.0
764.0
1639.0
2136.0
774.0
1332.0
880.0
883.0
827.0
708.0
129.0
97.0
112.0
14.0
165.0
171.0
1168.0
26.0
700.0
658.0
658.0
123.0
116.0
116.0
94.0
884.0
287.0
200.0
-1246.0
1295.0
1290.0
1318.0
1488.0
1492.0
131.0
128.0
164.0
2108.0
2133.0
249.0
297.0
256.0
896.0
685.0
764.0
763.0
950.0
2283.0
2178.0
1589.0
827.0
827.0
1070.0
1050.0
1042.0
1043.0
1043.0
6223.0
3642.0
1115.0
1093.0
1112.0
1907.0
1470.0
1470.0
978.0
971.0
1411.0
575.0
597.0
2471.0
2470.0
927.0
2220.0
9.0
26.0
282.0
279.0
283.0
628.0
633.0
236.0
1142.0
587.0
326.0
807.0
98.0
24.0
81.0
134.0
158.0
147.0
173.0
10.0
18.0
2333.0
44.0
259.0
110.0
5.0
151.0
240.0
240.0
331.0
374.0
335.0
389.0
420.0
249.0
266.0
763.0
1798.0
2060.0
744.0
376.0
883.0
155.0
1643.0
763.0
345.0
607.0
555.0
297.0
1740.0
1517.0
353.0
1036.0
1036.0
809.0
626.0
397.0
465.0
313.0
314.0
573.0
1496.0
414.0
1375.0
200.0
963.0
340.0
162.0
42.0
1312.0
3368.0
2281.0
1411.0
1378.0
3278.0
2031.0
1434.0
2372.0
1575.0
1574.0
1580.0
2257.0
1421.0
410.0
1460.0
1427.0
1428.0
1400.0
1885.0
1463.0
1368.0
1725.0
1519.0
1575.0
3241.0
1335.0
2083.0
3057.0
896.0
1668.0
1475.0
1475.0
1407.0
1407.0
1391.0
1402.0
1390.0
1759.0
650.0
650.0
650.0
1485.0
1437.0
1306.0
5600.0
1660.0
1837.0
2682.0
3100.0
3097.0
2642.0
2650.0
2729.0
54.0
175.0
3310.0
3310.0
176.0
176.0
172.0
2315.0
2309.0
3520.0
3367.0
3352.0
3002.0
1758.0
5236.0
2828.0
3449.0
3167.0
1850.0
2797.0
3080.0
93.0
157.0
163.0
27.0
340.0
170.0
12.0
2581.0
412.0
409.0
432.0
13.0
3022.0
2895.0
30.0
11.0
182.0
763.0
764.0
10.0
244.0
249.0
500.0
125.0
26.0
2593.0
3322.0
2927.0
2251.0
3783.0
5764.0
5762.0
5873.0
104.0
5412.0
1796.0
4158.0
1946.0
1616.0
5419.0
2199.0
1650.0
3101.0
3473.0
6087.0
265.0
26.0
26.0
13.0
9.0
2827.0
51.0
9.0
14.0
10.0
293.0
289.0
218.0
218.0
202.0
202.0
221.0
16.0
758.0
399.0
322.0
2284.0
781.0
10.0
262.0
240.0
1266.0
318.0
326.0
687.0
732.0
644.0
118.0
315.0
352.0
7.0
3011.0
276.0
771.0
771.0
436.0
433.0
571.0
739.0
1378.0
1378.0
443.0
443.0
1181.0
837.0
837.0
535.0
604.0
604.0
1158.0
1044.0
1624.0
1624.0
666.0
659.0
2355.0
1017.0
640.0
203.0
271.0
11.0
10.0
10.0
6.0
13.0
5.0
478.0
57.0
197.0
312.0
10.0
262.0
12.0
3953.0
66.0
38.0
240.0
115.0
43.0
47.0
17.0
39.0
565.0
746.0
4884.0
30.0
407.0
46.0
91.0
9.0
2061.0
7.0
3337.0
7.0
970.0
90.0
8.0
7.0
3.0
13.0
525.0
841.0
11.0
13.0
676.0
1473.0
1473.0
6112.0
6112.0
464.0
4277.0
10.0
4850.0
102.0
39.0
205.0
5164.0
34.0
3887.0
3899.0
102.0
4447.0
4436.0
4459.0
761.0
11.0
10.0
213.0
6104.0
3020.0
66.0
5016.0
5012.0
59.0
626.0
616.0
2467.0
4646.0
3136.0
16.0
5956.0
31.0
34.0
26.0
38.0
38.0
72.0
6033.0
33.0
1864.0
1864.0
7309.0
7316.0
1277.0
1271.0
19.0
484.0
4965.0
497.0
7361.0
901.0
5258.0
145.0
23.0
294.0
6296.0
139.0
374.0
7358.0
7356.0
7355.0
6035.0
6035.0
1909.0
3688.0
3688.0
3451.0
3451.0
487.0
80.0
80.0
80.0
164.0
8463.0
97.0
22.0
20.0
46.0
90.0
89.0
7141.0
10.0
35.0
1450.0
213.0
60.0
194.0
94.0
1380.0
708.0
1050.0
60.0
7.0
18.0
35.0
23.0
51.0
17.0
56.0
22.0
6.0
882.0
2.0
249.0
7.0
2936.0
6.0
49.0
3238.0
69.0
43.0
184.0
109.0
77.0
101.0
1998.0
10.0
79.0
4.0
3.0
1270.0
20.0
10.0
171.0
335.0
10.0
98.0
7.0
400.0
197.0
187.0
56.0
56.0
210.0
279.0
16.0
131.0
16.0
112.0
79.0
69.0
85.0
338.0
13.0
39.0
59.0
210.0
328.0
2.0
8.0
10.0
1712.0
6691.0
7726.0
144.0
3229.0
30.0
30.0
7707.0
150.0
984.0
6.0
8.0
8.0
9.0
8.0
14.0
10.0
10.0
6.0
14.0
13.0
10.0
14.0
180.0
248.0
1344.0
395.0
631.0
480.0
444.0
8.0
209.0
7.0
14.0
36.0
45.0
5.0
25.0
8.0
21.0
1510.0
1154.0
1154.0
1570.0
1450.0
1093.0
1094.0
2100.0
1781.0
1690.0
26.0
17.0
17.0
19.0
33.0
60.0
25.0
91.0
98.0
10.0
149.0
221.0
770.0
9.0
9.0
7.0
209.0
44.0
1.0
1.0
95.0
13.0
59.0
4775.0
4150.0
700.0
514.0
93.0
9.0
58.0
30.0
6.0
5.0
18.0
5.0
7.0
7.0
9.0
5.0
12.0
7.0
14.0
7.0
8.0
3.0
4.0
12.0
9.0
9.0
8.0
4.0
7.0
7.0
11.0
220.0
1428.0
10.0
10.0
7.0
8.0
10.0
4.0
3.0
3919.0
6837.0
184.0
51.0
11.0
264.0
23.0
315.0
10.0
23.0
92.0
9.0
135.0
10.0
16.0
30.0
985.0
15.0
15.0
1294.0
1335.0
105.0
111.0
103.0
280.0
292.0
298.0
298.0
22.0
255.0
123.0
115.0
43.0
3.0
400.0
402.0
397.0
214.0
35.0
21.0
14.0
11.0
10.0
12.0
11.0
12.0
1754.0
370.0
117.0
116.0
168.0
168.0
172.0
172.0
169.0
67.0
67.0
19.0
19.0
485.0
478.0
478.0
478.0
223.0
257.0
810.0
750.0
749.0
749.0
182.0
2153.0
2.0
687.0
362.0
362.0
350.0
364.0
205.0
196.0
90.0
71.0
5.0
6.0
5.0
6.0
14.0
10.0
14.0
5.0
5.0
150.0
164.0
92.0
92.0
94.0
121.0
121.0
115.0
15.0
17.0
17.0
1160.0
1168.0
288.0
268.0
288.0
935.0
935.0
935.0
180.0
205.0
180.0
2682.0
99.0
9301.0
110.0
13.0
13.0
13.0
13.0
13.0
1200.0
160.0
86.0
86.0
88.0
1575.0
19.0
104.0
109.0
96.0
1142.0
19.0
19.0
19.0
305.0
305.0
300.0
279.0
41.0
42.0
100.0
68.0
133.0
13.0
15.0
15.0
11.0
11.0
430.0
2092.0
285.0
20.0
2998.0
719.0
863.0
866.0
969.0
2538.0
3206.0
4860.0
4888.0
1814.0
5869.0
3303.0
1278.0
1287.0
3773.0
4382.0
1450.0
6.0
7.0
136.0
1490.0
12.0
6832.0
588.0
5482.0
3872.0
229.0
59.0
48.0
3016.0
84.0
68.0
16.0
2126.0
1672.0
3299.0
919.0
2091.0
19.0
26.0
30.0
13.0
1352.0
6699.0
6733.0
1300.0
2151.0
2144.0
3982.0
25.0
1171.0
1734.0
2534.0
2965.0
2832.0
1601.0
1603.0
1459.0
2033.0
2049.0
13.0
1813.0
8.0
2045.0
2053.0
2336.0
2261.0
2545.0
2530.0
4848.0
4753.0
20.0
2794.0
765.0
78.0
2062.0
65.0
18.0
506.0
1190.0
1285.0
1080.0
6970.0
8.0
10.0
463.0
461.0
88.0
2394.0
1159.0
1187.0
8.0
66.0
14.0
4.0
2.0
2099.0
96.0
95.0
57.0
18.0
9.0
42.0
73.0
4306.0
4307.0
4341.0
3782.0
4479.0
5256.0
5310.0
3464.0
5057.0
5059.0
5242.0
6723.0
-53.0
5700.0
5437.0
5609.0
5565.0
5546.0
3800.0
3008.0
3915.0
3305.0
3305.0
3962.0
3949.0
4184.0
4164.0
15.0
14.0
2663.0
5731.0
5735.0
3231.0
16.0
14.0
5258.0
5807.0
4870.0
4917.0
945.0
4219.0
3226.0
3231.0
3499.0
2975.0
2310.0
500.0
-50.0
-61.0
-69.0
-70.0
4.0
4261.0
3349.0
2641.0
1345.0
4910.0
4920.0
5841.0
3843.0
4305.0
4310.0
251.0
4343.0
4449.0
4448.0
5316.0
3984.0
1628.0
22.0
24.0
4475.0
4536.0
2037.0
3928.0
2360.0
2357.0
2555.0
175.0
2220.0
1268.0
472.0
447.0
425.0
161.0
134.0
1036.0
765.0
775.0
980.0
947.0
954.0
437.0
422.0
47.0
12.0
85.0
23.0
357.0
62.0
82.0
10.0
869.0
76.0
77.0
60.0
10.0
11.0
11.0
114.0
155.0
134.0
72.0
92.0
556.0
44.0
40.0
22.0
48.0
63.0
70.0
1489.0
398.0
1343.0
392.0
4874.0
492.0
594.0
589.0
587.0
4794.0
96.0
1735.0
1732.0
186.0
77.0
71.0
3967.0
712.0
710.0
699.0
952.0
2669.0
154.0
35.0
35.0
402.0
94.0
9.0
5788.0
3260.0
12.0
1171.0
1644.0
5194.0
264.0
1659.0
1050.0
1050.0
5397.0
7256.0
7305.0
196.0
3121.0
483.0
4645.0
595.0
618.0
270.0
275.0
157.0
159.0
113.0
114.0
709.0
2010.0
1282.0
1341.0
1401.0
1033.0
1050.0
10.0
103.0
747.0
734.0
438.0
450.0
2492.0
996.0
121.0
19.0
19.0
68.0
67.0
2407.0
1276.0
2002.0
2020.0
700.0
1379.0
157.0
1322.0
40.0
35.0
130.0
10.0
12.0
12.0
7.0
3682.0
134.0
29.0
51.0
3300.0
49.0
5940.0
7165.0
146.0
2097.0
4709.0
3200.0
1230.0
254.0
540.0
1105.0
37.0
56.0
56.0
230.0
240.0
26.0
2.0
125.0
117.0
123.0
87.0
1291.0
1272.0
1254.0
29.0
49.0
631.0
96.0
69.0
93.0
937.0
524.0
39.0
6.0
552.0
14.0
610.0
36.0
46.0
1030.0
367.0
14.0
21.0
967.0
17.0
6.0
68.0
70.0
68.0
32.0
15.0
22.0
28.0
174.0
212.0
11.0
901.0
230.0
534.0
6.0
89.0
344.0
433.0
431.0
433.0
423.0
448.0
150.0
334.0
310.0
441.0
146.0
147.0
2663.0
13.0
166.0
1586.0
59.0
27.0
155.0
28.0
34.0
7.0
19.0
1312.0
68.0
208.0
15.0
64.0
4.0
299.0
1257.0
78.0
90.0
80.0
81.0
166.0
186.0
177.0
170.0
170.0
1220.0
18.0
17.0
21.0
235.0
44.0
10.0
152.0
60.0
50.0
46.0
2048.0
82.0
60.0
177.0
39.0
87.0
52.0
18.0
15.0
74.0
341.0
336.0
100.0
99.0
669.0
91.0
297.0
130.0
124.0
124.0
48.0
16.0
128.0
132.0
152.0
97.0
368.0
365.0
356.0
305.0
93.0
119.0
356.0
297.0
364.0
135.0
15.0
12.0
16.0
59.0
1713.0
13.0
8.0
14.0
125.0
24.0
105.0
90.0
76.0
13.0
15.0
11.0
36.0
7.0
1091.0
38.0
38.0
2077.0
51.0
643.0
52.0
64.0
21.0
11.0
19.0
17.0
9.0
190.0
311.0
282.0
63.0
1573.0
96.0
98.0
223.0
256.0
277.0
21.0
355.0
96.0
264.0
16.0
21.0
221.0
113.0
35.0
153.0
39.0
571.0
11.0
358.0
22.0
27.0
37.0
222.0
80.0
336.0
346.0
18.0
32.0
9.0
410.0
30.0
438.0
61.0
162.0
28.0
109.0
8.0
34.0
37.0
149.0
25.0
43.0
19.0
1639.0
162.0
157.0
431.0
5047.0
6827.0
591.0
215.0
540.0
558.0
239.0
231.0
237.0
30.0
100.0
10.0
66.0
86.0
95.0
23.0
15.0
6.0
836.0
78.0
241.0
13.0
11.0
30.0
47.0
153.0
92.0
24.0
437.0
442.0
2662.0
6.0
10.0
9.0
12.0
10.0
1305.0
54.0
20.0
6081.0
34.0
27.0
90.0
180.0
2796.0
9.0
6.0
14.0
9.0
217.0
405.0
965.0
5.0
13.0
6.0
24.0
31.0
10.0
500.0
1568.0
10.0
8.0
176.0
10.0
91.0
14.0
213.0
328.0
33.0
34.0
77.0
73.0
792.0
221.0
143.0
28.0
20.0
75.0
60.0
75.0
30.0
43.0
653.0
38.0
63.0
56.0
17.0
103.0
41.0
84.0
13.0
73.0
106.0
45.0
45.0
42.0
173.0
63.0
135.0
130.0
2132.0
105.0
89.0
359.0
437.0
24.0
6.0
298.0
27.0
15.0
-1.0
584.0
377.0
470.0
62.0
57.0
92.0
70.0
65.0
322.0
102.0
234.0
19.0
98.0
281.0
23.0
330.0
23.0
23.0
251.0
25.0
205.0
80.0
660.0
180.0
98.0
98.0
112.0
223.0
15.0
778.0
906.0
14.0
259.0
19.0
20.0
6.0
601.0
14.0
18.0
214.0
214.0
55.0
15.0
27.0
99.0
21.0
17.0
52.0
17.0
110.0
150.0
36.0
36.0
282.0
253.0
95.0
710.0
20.0
1072.0
806.0
6.0
10.0
7.0
42.0
25.0
50.0
46.0
29.0
6.0
583.0
184.0
36.0
33.0
12.0
12.0
647.0
347.0
88.0
1200.0
125.0
152.0
283.0
289.0
114.0
23.0
29.0
259.0
11.0
6.0
7.0
7.0
59.0
174.0
299.0
10.0
282.0
295.0
10.0
98.0
138.0
67.0
350.0
19.0
46.0
22.0
20.0
334.0
463.0
626.0
855.0
45.0
1936.0
2169.0
2149.0
2097.0
2212.0
2226.0
67.0
953.0
32.0
44.0
43.0
20.0
12.0
28.0
35.0
323.0
230.0
86.0
67.0
1102.0
1170.0
8.0
12.0
18.0
19.0
45.0
284.0
47.0
23.0
23.0
23.0
49.0
56.0
41.0
33.0
38.0
34.0
86.0
83.0
63.0
281.0
281.0
112.0
111.0
39.0
39.0
166.0
191.0
347.0
82.0
273.0
1713.0
360.0
1760.0
1174.0
905.0
11.0
16.0
148.0
63.0
74.0
22.0
151.0
167.0
124.0
44.0
213.0
44.0
70.0
15.0
34.0
35.0
235.0
71.0
13.0
16.0
859.0
16.0
47.0
484.0
466.0
20.0
24.0
30.0
16.0
16.0
5.0
13.0
93.0
128.0
16.0
599.0
1.0
13.0
505.0
16.0
189.0
23.0
4211.0
2.0
151.0
7.0
13.0
94.0
82.0
4.0
11.0
7.0
132.0
18.0
71.0
9.0
13.0
10.0
148.0
108.0
151.0
797.0
254.0
223.0
224.0
190.0
237.0
689.0
646.0
646.0
2312.0
209.0
1042.0
15.0
15.0
32.0
1945.0
1285.0
1362.0
7.0
128.0
112.0
75.0
75.0
243.0
82.0
56.0
18.0
1522.0
1526.0
10.0
105.0
69.0
98.0
43.0
62.0
62.0
2290.0
4692.0
4678.0
2470.0
1476.0
654.0
1437.0
913.0
1439.0
1959.0
1381.0
1365.0
1590.0
1590.0
2017.0
2297.0
202.0
171.0
193.0
908.0
230.0
429.0
308.0
4088.0
4068.0
3019.0
1166.0
1457.0
189.0
2621.0
140.0
20.0
760.0
669.0
66.0
61.0
85.0
364.0
478.0
478.0
246.0
246.0
246.0
71.0
895.0
279.0
620.0
2749.0
574.0
34.0
2133.0
2568.0
1927.0
2275.0
22.0
27.0
44.0
588.0
3057.0
2930.0
3448.0
3497.0
2003.0
2478.0
2712.0
1818.0
57.0
448.0
2987.0
2472.0
617.0
1412.0
1494.0
252.0
764.0
17.0
82.0
16.0
16.0
2440.0
1998.0
1986.0
2445.0
2450.0
562.0
110.0
110.0
2425.0
86.0
2530.0
10.0
2139.0
1866.0
1766.0
387.0
2379.0
17.0
1031.0
166.0
149.0
161.0
11.0
2363.0
747.0
2694.0
169.0
23.0
1802.0
273.0
2031.0
178.0
171.0
2589.0
2615.0
1743.0
30.0
28.0
1908.0
1067.0
1118.0
208.0
34.0
13.0
328.0
897.0
123.0
620.0
1722.0
7424.0
499.0
122.0
139.0
138.0
1020.0
97.0
1550.0
1551.0
12.0
352.0
61.0
363.0
88.0
26.0
22.0
127.0
190.0
1123.0
510.0
315.0
1100.0
142.0
106.0
106.0
436.0
234.0
2129.0
284.0
264.0
72.0
59.0
461.0
1300.0
1775.0
2008.0
2082.0
14.0
1992.0
6.0
650.0
15.0
590.0
189.0
8390.0
831.0
8306.0
145.0
16.0
1217.0
9190.0
1430.0
3356.0
37.0
880.0
982.0
1764.0
114.0
7776.0
9151.0
20.0
15.0
13.0
3465.0
27.0
8.0
56.0
1709.0
3923.0
20.0
814.0
9646.0
292.0
223.0
249.0
279.0
846.0
762.0
549.0
1870.0
745.0
2262.0
2060.0
2346.0
1143.0
1538.0
400.0
433.0
433.0
1200.0
1241.0
3968.0
805.0
3902.0
8354.0
8350.0
98.0
80.0
40.0
1046.0
1098.0
7.0
3153.0
10.0
401.0
797.0
899.0
2977.0
164.0
8390.0
8478.0
3044.0
9723.0
9735.0
39.0
281.0
590.0
314.0
4915.0
160.0
20.0
526.0
6791.0
1447.0
90.0
180.0
460.0
4342.0
450.0
5633.0
566.0
5840.0
10.0
1531.0
6967.0
38.0
674.0
605.0
8.0
8.0
920.0
194.0
650.0
1050.0
585.0
279.0
420.0
175.0
482.0
449.0
1394.0
1006.0
8337.0
8360.0
892.0
1635.0
1372.0
417.0
13110.0
13202.0
464.0
439.0
884.0
462.0
938.0
636.0
1355.0
538.0
9527.0
1482.0
400.0
6083.0
509.0
12020.0
1218.0
56.0
1237.0
1560.0
1311.0
2868.0
2608.0
138.0
2640.0
3320.0
89.0
16.0
2395.0
18.0
21.0
550.0
728.0
513.0
69.0
4470.0
2146.0
94.0
8917.0
11300.0
9022.0
46.0
1148.0
10900.0
12552.0
144.0
8848.0
72.0
250.0
96.0
570.0
6070.0
306.0
8270.0
46.0
11.0
869.0
1375.0
659.0
120.0
277.0
1805.0
10860.0
221.0
48.0
962.0
1535.0
9.0
174.0
397.0
66.0
36.0
98.0
75.0
75.0
272.0
276.0
95.0
92.0
72.0
364.0
62.0
49.0
59.0
66.0
177.0
135.0
62.0
669.0
187.0
157.0
440.0
466.0
732.0
39.0
13.0
619.0
619.0
2042.0
50.0
2145.0
25.0
10.0
75.0
289.0
289.0
216.0
229.0
74.0
230.0
235.0
213.0
245.0
472.0
323.0
1083.0
156.0
32.0
1415.0
241.0
2060.0
1504.0
1361.0
2733.0
2567.0
493.0
1164.0
96.0
74.0
58.0
169.0
420.0
13.0
71.0
10.0
7.0
48.0
13.0
5.0
21.0
5.0
250.0
20.0
23.0
74.0
7.0
237.0
9.0
28.0
23.0
8.0
8.0
47.0
168.0
14.0
20.0
11.0
31.0
36.0
12.0
14.0
25.0
129.0
13.0
122.0
36.0
1484.0
60.0
712.0
1039.0
71.0
1370.0
1214.0
353.0
311.0
538.0
473.0
310.0
29.0
30.0
30.0
14.0
136.0
12.0
9.0
146.0
2772.0
391.0
18.0
5028.0
4787.0
4787.0
7160.0
732.0
594.0
2221.0
2224.0
1381.0
1935.0
1165.0
2148.0
2090.0
2851.0
2516.0
1319.0
951.0
1250.0
1765.0
428.0
121.0
932.0
381.0
695.0
761.0
7266.0
-73.0
719.0
597.0
-13.0
10.0
1191.0
1076.0
2863.0
2862.0
5426.0
4836.0
4941.0
2900.0
2800.0
322.0
322.0
2812.0
1657.0
1123.0
20.0
6181.0
1776.0
197.0
86.0
20.0
1621.0
1624.0
565.0
225.0
228.0
138.0
22.0
546.0
8.0
112.0
115.0
44.0
33.0
32.0
2272.0
1606.0
1588.0
1690.0
410.0
419.0
236.0
242.0
453.0
339.0
406.0
598.0
598.0
170.0
494.0
375.0
560.0
513.0
919.0
1071.0
801.0
746.0
1072.0
373.0
138.0
151.0
172.0
33.0
59.0
66.0
230.0
241.0
149.0
151.0
15.0
453.0
460.0
630.0
42.0
443.0
646.0
639.0
625.0
831.0
825.0
564.0
822.0
942.0
365.0
362.0
311.0
394.0
597.0
95.0
538.0
137.0
90.0
107.0
111.0
-2.0
1043.0
1462.0
1634.0
1486.0
226.0
117.0
50.0
39.0
-74.0
-79.0
501.0
388.0
430.0
4870.0
2625.0
1312.0
2180.0
5681.0
10.0
1182.0
1470.0
1081.0
1328.0
1212.0
1900.0
300.0
1901.0
720.0
1273.0
1374.0
1353.0
550.0
2637.0
949.0
35.0
678.0
2849.0
5075.0
4197.0
4197.0
4197.0
1434.0
4572.0
1014.0
684.0
631.0
689.0
1993.0
630.0
2896.0
920.0
35.0
74.0
849.0
852.0
338.0
509.0
865.0
430.0
870.0
773.0
629.0
4886.0
1220.0
2328.0
2168.0
950.0
777.0
740.0
945.0
945.0
1368.0
15.0
843.0
843.0
278.0
887.0
1216.0
142.0
874.0
165.0
896.0
1161.0
6923.0
910.0
1395.0
17.0
10.0
1200.0
4267.0
544.0
2900.0
5796.0
55.0
1028.0
4477.0
648.0
1336.0
508.0
2605.0
752.0
740.0
520.0
442.0
440.0
440.0
4939.0
2005.0
1575.0
154.0
776.0
928.0
2907.0
122.0
7.0
7.0
1089.0
2954.0
603.0
315.0
306.0
137.0
905.0
3327.0
432.0
828.0
512.0
1118.0
1119.0
1915.0
1982.0
856.0
130.0
1442.0
1455.0
370.0
318.0
471.0
326.0
456.0
61.0
60.0
59.0
4.0
34.0
31.0
65.0
80.0
68.0
85.0
1414.0
256.0
252.0
534.0
576.0
575.0
1448.0
4000.0
4592.0
239.0
3932.0
4003.0
6434.0
777.0
3877.0
2535.0
475.0
485.0
6578.0
6950.0
985.0
6037.0
3284.0
252.0
259.0
255.0
366.0
358.0
915.0
373.0
1925.0
127.0
1014.0
825.0
830.0
683.0
96.0
86.0
0.0
0.0
1535.0
197.0
603.0
4155.0
5710.0
3300.0
3280.0
6840.0
1433.0
100.0
1554.0
767.0
853.0
1631.0
2351.0
2358.0
246.0
2941.0
1643.0
1262.0
54.0
787.0
510.0
250.0
326.0
600.0
920.0
1397.0
938.0
831.0
805.0
1676.0
6.0
683.0
337.0
48.0
781.0
898.0
980.0
745.0
1020.0
1240.0
3605.0
3603.0
1580.0
87.0
806.0
900.0
640.0
716.0
675.0
982.0
853.0
853.0
0.0
4127.0
400.0
1600.0
2890.0
2868.0
1287.0
60.0
184.0
596.0
587.0
1064.0
1500.0
651.0
36.0
294.0
650.0
669.0
1286.0
795.0
1320.0
372.0
0.0
488.0
1675.0
3820.0
748.0
62.0
602.0
989.0
381.0
560.0
560.0
1137.0
961.0
6790.0
2937.0
771.0
748.0
389.0
629.0
1137.0
905.0
1050.0
94.0
50.0
4900.0
14.0
28.0
642.0
637.0
286.0
1588.0
480.0
460.0
295.0
688.0
823.0
907.0
890.0
193.0
825.0
1067.0
1172.0
1043.0
39.0
1417.0
112.0
978.0
678.0
1107.0
1124.0
662.0
486.0
885.0
885.0
924.0
924.0
1362.0
914.0
672.0
733.0
942.0
371.0
705.0
40.0
1301.0
1598.0
1598.0
722.0
3703.0
3704.0
1176.0
2249.0
1940.0
82.0
500.0
1350.0
883.0
294.0
176.0
102.0
1490.0
571.0
4.0
689.0
2546.0
2551.0
96.0
133.0
7.0
7392.0
7.0
7.0
7.0
1494.0
2185.0
785.0
630.0
72.0
292.0
508.0
858.0
819.0
9.0
2001.0
294.0
10.0
8.0
346.0
371.0
691.0
690.0
815.0
4900.0
770.0
305.0
190.0
630.0
403.0
1050.0
775.0
817.0
920.0
1225.0
1080.0
1401.0
875.0
785.0
785.0
2335.0
737.0
717.0
1175.0
1165.0
920.0
759.0
1430.0
23.0
212.0
132.0
340.0
144.0
383.0
220.0
180.0
738.0
735.0
371.0
310.0
234.0
5460.0
682.0
689.0
230.0
265.0
728.0
728.0
272.0
623.0
2575.0
2149.0
1450.0
319.0
1129.0
738.0
2178.0
1014.0
1368.0
1368.0
410.0
663.0
585.0
551.0
588.0
286.0
620.0
600.0
619.0
469.0
735.0
656.0
511.0
390.0
633.0
629.0
452.0
245.0
335.0
253.0
256.0
349.0
371.0
627.0
560.0
557.0
449.0
251.0
385.0
909.0
676.0
95.0
394.0
370.0
477.0
421.0
1330.0
180.0
999.0
1917.0
15.0
37.0
268.0
2478.0
124.0
1713.0
38.0
590.0
1843.0
1574.0
16.0
820.0
69.0
69.0
95.0
728.0
1995.0
166.0
1013.0
1033.0
23.0
438.0
1015.0
1938.0
1578.0
1680.0
10.0
24.0
315.0
24.0
30.0
6.0
59.0
40.0
1063.0
203.0
40.0
45.0
2911.0
264.0
113.0
115.0
19.0
20.0
138.0
140.0
162.0
355.0
2535.0
748.0
454.0
93.0
324.0
1374.0
330.0
358.0
469.0
174.0
233.0
169.0
129.0
2141.0
14.0
21.0
10.0
12.0
12.0
27.0
45.0
20.0
55.0
125.0
50.0
22.0
23.0
28.0
25.0
549.0
548.0
315.0
318.0
757.0
3573.0
720.0
706.0
1772.0
717.0
719.0
749.0
720.0
2525.0
717.0
1262.0
956.0
411.0
892.0
833.0
404.0
764.0
5072.0
5427.0
955.0
351.0
563.0
20.0
10.0
20.0
358.0
300.0
2100.0
690.0
256.0
4313.0
9767.0
650.0
500.0
2400.0
1700.0
236.0
3051.0
256.0
2874.0
2960.0
3001.0
77.0
1323.0
28.0
312.0
534.0
110.0
1972.0
1969.0
1741.0
1626.0
1105.0
459.0
454.0
307.0
321.0
40.0
30.0
11.0
1541.0
146.0
1008.0
251.0
253.0
350.0
287.0
275.0
14.0
3021.0
980.0
7361.0
6.0
7.0
5.0
4.0
6.0
6.0
2.0
7.0
7.0
80.0
30.0
10.0
10.0
59.0
1036.0
865.0
1676.0
789.0
679.0
538.0
1280.0
450.0
62.0
107.0
690.0
179.0
145.0
469.0
20.0
18.0
18.0
13.0
82.0
7.0
43.0
19.0
36.0
65.0
67.0
579.0
529.0
478.0
601.0
817.0
729.0
590.0
765.0
459.0
406.0
451.0
587.0
59.0
59.0
1712.0
10.0
13.0
7.0
33.0
15.0
18.0
44.0
3102.0
30.0
26.0
40.0
38.0
2195.0
102.0
2434.0
6.0
24.0
24.0
52.0
22.0
14.0
243.0
84.0
300.0
75.0
150.0
21.0
1280.0
160.0
109.0
168.0
960.0
960.0
1205.0
908.0
901.0
938.0
5.0
770.0
770.0
292.0
30.0
610.0
610.0
44.0
2711.0
36.0
103.0
5092.0
3.0
11.0
46.0
307.0
16.0
33.0
112.0
49.0
308.0
164.0
60.0
85.0
70.0
396.0
12.0
292.0
20.0
10.0
12.0
23.0
73.0
47.0
89.0
270.0
315.0
79.0
197.0
66.0
196.0
31.0
350.0
350.0
421.0
11.0
10.0
18.0
98.0
15.0
105.0
93.0
335.0
1388.0
164.0
12.0
34.0
88.0
14.0
59.0
92.0
45.0
10.0
97.0
40.0
57.0
90.0
20.0
1207.0
1056.0
1464.0
90.0
61.0
131.0
151.0
2430.0
125.0
37.0
95.0
79.0
24.0
29.0
34.0
263.0
90.0
21.0
4735.0
414.0
164.0
3.0
82.0
109.0
50.0
49.0
18.0
57.0
13.0
19.0
13.0
8.0
15.0
57.0
18.0
110.0
130.0
135.0
55.0
54.0
27.0
21.0
18.0
19.0
10.0
42.0
70.0
96.0
17.0
1692.0
62.0
34.0
905.0
1068.0
43.0
50.0
36.0
15.0
22.0
16.0
1210.0
6.0
4576.0
7470.0
5277.0
6115.0
130.0
14.0
772.0
1370.0
4.0
1725.0
992.0
1203.0
2338.0
1622.0
1140.0
944.0
944.0
866.0
866.0
1245.0
1245.0
838.0
838.0
2092.0
223.0
226.0
86.0
84.0
250.0
1008.0
522.0
3530.0
3522.0
27.0
1612.0
48.0
44.0
44.0
43.0
50.0
876.0
874.0
1786.0
1789.0
12.0
11.0
21.0
17.0
918.0
917.0
9.0
9.0
986.0
996.0
692.0
673.0
49.0
150.0
159.0
1396.0
907.0
914.0
15.0
292.0
340.0
350.0
352.0
21.0
21.0
564.0
561.0
55.0
1426.0
1421.0
1426.0
1116.0
1102.0
19.0
17.0
706.0
7.0
165.0
163.0
1329.0
1324.0
1334.0
1317.0
542.0
70.0
58.0
31.0
33.0
52.0
56.0
210.0
414.0
2056.0
15.0
11.0
2396.0
2391.0
34.0
18.0
12.0
620.0
107.0
101.0
45.0
2540.0
2560.0
2540.0
2510.0
1644.0
26.0
22.0
57.0
1436.0
25.0
1654.0
7.0
9.0
86.0
704.0
711.0
2116.0
2104.0
67.0
67.0
67.0
729.0
736.0
500.0
1028.0
611.0
612.0
632.0
635.0
57.0
73.0
580.0
578.0
14.0
9.0
254.0
51.0
24.0
890.0
905.0
627.0
630.0
968.0
597.0
593.0
411.0
522.0
3073.0
3049.0
43.0
461.0
462.0
962.0
1096.0
1102.0
1571.0
1445.0
1445.0
688.0
700.0
174.0
127.0
127.0
127.0
955.0
960.0
23.0
18.0
314.0
309.0
112.0
409.0
409.0
17.0
14.0
682.0
321.0
101.0
620.0
611.0
449.0
444.0
555.0
555.0
20.0
1572.0
757.0
16.0
17.0
510.0
509.0
363.0
369.0
63.0
459.0
859.0
858.0
711.0
711.0
98.0
113.0
112.0
63.0
247.0
62.0
2141.0
2113.0
3414.0
3426.0
69.0
30.0
427.0
442.0
104.0
303.0
305.0
55.0
12.0
8.0
1338.0
1344.0
776.0
764.0
1032.0
4259.0
256.0
438.0
438.0
1032.0
1029.0
42.0
45.0
760.0
760.0
2594.0
72.0
347.0
402.0
1845.0
95.0
69.0
69.0
254.0
124.0
107.0
96.0
646.0
646.0
537.0
18.0
53.0
932.0
34.0
1432.0
1417.0
22.0
24.0
22.0
555.0
555.0
851.0
853.0
263.0
1205.0
1206.0
256.0
15.0
46.0
238.0
35.0
373.0
3.0
540.0
626.0
624.0
1626.0
1512.0
1510.0
165.0
157.0
32.0
539.0
1532.0
766.0
102.0
84.0
56.0
1506.0
1545.0
1691.0
1713.0
239.0
282.0
6.0
19.0
23.0
53.0
110.0
366.0
12.0
131.0
166.0
162.0
940.0
3274.0
535.0
560.0
39.0
49.0
47.0
49.0
49.0
1535.0
395.0
432.0
85.0
1792.0
457.0
463.0
1332.0
1354.0
697.0
690.0
504.0
9.0
13.0
729.0
886.0
886.0
12.0
14.0
31.0
42.0
56.0
31.0
30.0
471.0
469.0
730.0
741.0
40.0
428.0
444.0
962.0
31.0
161.0
161.0
780.0
776.0
193.0
200.0
28.0
31.0
1724.0
568.0
568.0
30.0
343.0
23.0
368.0
143.0
79.0
3112.0
3099.0
14.0
14.0
56.0
20.0
1374.0
5.0
164.0
96.0
96.0
114.0
119.0
128.0
51.0
60.0
2684.0
192.0
40.0
40.0
94.0
95.0
94.0
30.0
1203.0
1166.0
1029.0
1033.0
141.0
9.0
21.0
36.0
13.0
11.0
12.0
256.0
265.0
23.0
27.0
35.0
39.0
31.0
35.0
67.0
58.0
428.0
536.0
537.0
916.0
1023.0
1023.0
642.0
867.0
7.0
109.0
115.0
112.0
658.0
206.0
284.0
284.0
1030.0
999.0
12.0
20.0
21.0
17.0
180.0
165.0
1849.0
1874.0
221.0
221.0
741.0
935.0
910.0
654.0
111.0
29.0
22.0
374.0
374.0
184.0
31.0
21.0
157.0
325.0
321.0
357.0
400.0
2859.0
5.0
66.0
61.0
16.0
16.0
8.0
639.0
158.0
1313.0
1283.0
1318.0
1292.0
712.0
692.0
232.0
229.0
229.0
807.0
807.0
749.0
731.0
31.0
1300.0
891.0
969.0
913.0
910.0
905.0
10.0
429.0
429.0
547.0
584.0
949.0
841.0
632.0
630.0
1204.0
1211.0
365.0
367.0
780.0
32.0
34.0
125.0
15.0
2060.0
2076.0
88.0
290.0
228.0
242.0
1500.0
1513.0
430.0
499.0
39.0
35.0
397.0
382.0
138.0
138.0
439.0
438.0
30.0
1639.0
1649.0
669.0
669.0
76.0
62.0
64.0
628.0
638.0
310.0
306.0
848.0
858.0
350.0
13.0
13.0
61.0
62.0
13.0
13.0
10.0
1267.0
50.0
421.0
22.0
78.0
2480.0
17.0
15.0
50.0
50.0
1259.0
2180.0
3802.0
5194.0
4944.0
4235.0
789.0
200.0
5001.0
5001.0
5001.0
695.0
3250.0
33.0
3582.0
94.0
110.0
116.0
73.0
69.0
76.0
76.0
4592.0
3511.0
3511.0
2169.0
233.0
12.0
8.0
3584.0
2546.0
41.0
45.0
45.0
212.0
217.0
571.0
417.0
13.0
4.0
496.0
495.0
95.0
97.0
230.0
75.0
49.0
46.0
62.0
89.0
96.0
3718.0
5112.0
6388.0
7128.0
1565.0
1547.0
5932.0
7261.0
3419.0
6119.0
4311.0
3914.0
3159.0
2457.0
4485.0
4787.0
5379.0
4746.0
4761.0
4273.0
2969.0
4147.0
4123.0
5725.0
1808.0
7329.0
6891.0
6885.0
56.0
121.0
22.0
22.0
76.0
13.0
43.0
43.0
16.0
95.0
11.0
12.0
10.0
12.0
27.0
28.0
18.0
34.0
7.0
10.0
112.0
15.0
115.0
16.0
256.0
1352.0
1348.0
1316.0
1332.0
3737.0
3726.0
11571.0
11712.0
9644.0
1441.0
1448.0
1434.0
1616.0
1681.0
5112.0
4524.0
4613.0
2123.0
705.0
457.0
501.0
262.0
883.0
476.0
105.0
171.0
623.0
