59
33
230
562
97
48
219
147
101
64
831
598
476
3
183
232
528
42
38
274
418
17
364
120
207
6
11
154
8
55
87
100
273
43
204
74
119
102
369
288
27
532
203
76
211
138
370
72
24
407
268
5
7
434
609
198
37
58
98
335
343
365
315
205
4
73
200
251
61
263
333
21
84
344
277
303
15
70
208
79
247
143
25
31
417
132
23
166
12
319
451
470
297
110
416
2
213
214
298
180
299
624
29
30
256
9
378
289
60
229
175
220
202
145
286
14
114
93
22
380
371
281
366
139
360
49
402
228
152
431
75
244
283
108
259
90
591
78
191
959
99
466
161
399
35
19
239
348
347
136
113
322
28
10
292
134
460
105
54
96
269
150
153
106
36
51
45
179
164
190
67
168
63
34
170
20
172
221
266
125
293
127
314
231
252
124
509
245
41
664
328
257
311
755
123
107
50
116
215
174
242
66
140
212
56
94
135
201
308
88
85
224
449
77
375
32
122
167
457
151
83
171
361
111
95
432
342
131
481
238
316
40
185
18
222
710
103
276
260
118
210
249
498
909
0
91
121
270
1
250
474
133
253
363
117
176
632
196
189
177
158
553
217
71
383
206
182
503
104
409
444
312
280
278
157
462
13
16
304
413
324
489
612
285
384
44
142
149
272
412
112
218
392
187
233
337
395
525
47
52
539
291
240
69
81
576
287
39
326
339
284
197
46
80
184
234
550
350
334
130
109
194
993
492
317
209
65
141
223
258
305
26
358
389
188
574
626
318
433
440
309
430
199
512
295
282
173
330
162
57
420
515
514
227
605
505
452
159
411
690
436
264
405
