81
44
280
662
126
87
235
199
167
85
915
641
537
5
192
269
588
58
54
284
468
32
450
166
90
257
6
17
169
9
63
112
127
288
57
237
88
163
140
7
433
3
312
607
238
95
252
162
420
89
8
35
302
506
37
710
240
47
69
116
462
436
417
398
320
246
110
223
308
86
383
28
91
406
319
338
26
224
97
293
181
31
48
479
222
27
188
80
23
11
387
530
564
374
121
464
128
4
248
236
331
721
78
33
100
38
346
313
12
333
231
260
164
62
367
19
40
244
154
400
18
410
53
124
316
186
441
71
516
265
179
131
499
273
67
358
125
700
98
261
209
1056
262
139
526
215
491
141
76
50
34
29
345
171
156
22
300
213
392
55
64
375
185
513
142
129
130
16
75
263
277
256
66
194
21
210
65
270
205
208
74
203
323
241
148
326
278
309
144
176
619
299
45
784
182
359
850
528
207
234
435
135
133
266
353
83
123
168
137
115
152
669
372
120
217
250
271
508
10
423
264
439
610
25
105
161
196
510
117
59
189
416
600
390
172
557
290
403
56
335
191
267
813
232
334
229
13
174
170
259
30
366
568
965
421
0
132
282
2
330
77
397
143
225
187
106
221
274
702
230
220
664
122
82
429
292
190
587
452
381
61
73
204
517
165
364
362
329
214
178
538
324
332
475
145
356
572
180
337
490
79
653
268
219
395
151
92
68
347
39
15
60
197
297
251
487
138
322
304
108
193
295
159
451
42
550
598
218
629
94
276
111
640
43
418
384
399
51
99
1
310
286
615
402
134
379
211
1093
476
482
463
545
457
72
349
201
212
373
14
146
405
437
84
729
503
407
509
158
348
473
361
571
363
113
386
20
447
341
291
426
70
52
103
474
593
616
249
285
408
318
228
119
118
672
394
711
511
749
496
195
275
49
96
427
160
