66.1
72.7
86.1
87.5
69.1
52.1
69.9
83
76.2
68.8
91.8
91.5
87
33.3
88.5
88.4
76.7
78.6
84.2
88.3
90
76.5
85.7
80.8
79.7
85
50
90.9
94.8
62.5
85.5
67.8
79
72.9
86.8
67.2
80.5
66.7
88.9
85.2
78.9
81
83.3
79.1
82.5
60
100
89.2
81.5
83.1
87.9
78.4
80.6
81.8
84.3
86.6
85.1
74.5
89.8
67.1
74.9
75.4
90.3
83.2
57.1
96.4
92.2
87.4
86.5
80
79.8
83.5
85.3
76
77.4
87.1
82.6
62.7
75
80.9
83.6
84.8
84.6
56.6
88.7
77.6
86.2
76.1
95.3
85.9
89.7
90.8
96.3
90.2
78.3
58.3
79.4
88.1
73.8
64.3
92.9
80.7
81.7
72.6
93.3
79.2
83.9
84.7
79.9
89.6
82
79.6
68.2
70.7
77.5
64.7
75.9
68
76.8
71.1
67.9
91.1
94.7
89.3
73.9
68.4
78.2
82.9
82.8
86.7
65.5
62.8
84.1
75.2
79.5
77
69.4
70
71.6
81.3
88
95.7
74.1
69.8
80.4
44.4
89
84
95.8
81.9
71.4
63.2
77.8
86
91
61.8
65
81.4
63.8
75.7
81.6
73.7
72.4
87.3
78.8
76.6
63.7
74
90.6
87.8
84.5
93.1
77.7
76.9
72.1
86.9
88.2
61.4
82.4
65.6
78.7
93.4
90.7
66.2
67.5
92.5
77.9
77.1
82.2
71.8
86.3
87.7
97.5
78
94.1
87.2
95.1
89.4
63.6
66.4
86.4
64.2
76.3
90.5
91.4
74.2
73.6
80.2
68.7
78.1
84.4
71.2
92.8
65.4
83.8
92.1
70.9
88.6
72.2
92.7
70.3
52.5
73.5
61.7
67.7
73.4
92
73.1
89.5
80.3
91.7
65.1
60.7
94.4
65.8
63.3
68.5
56.3
88.8
70.2
96.2
85.6
77.2
75.3
79.3
94.9
93.5
66.5
70.5
92.6
69.2
71.9
42.9
70.6
61.5
94.6
80.1
90.1
56.9
81.2
57.9
72.5
60.2
68.6
91.3
75.1
65.2
91.6
85.4
55.6
74.8
74.4
93.6
73
75.8
62
81.1
91.2
73.3
67.6
95.5
84.9
67
