465
406
3416
9507
1218
325
3467
1695
992
644
13809
9282
6088
4
2363
3891
7471
491
496
5893
6519
197
5525
1408
667
2870
35
110
2557
79
1023
838
1115
5009
488
2445
1110
1246
1043
42
4860
3903
327
7540
3567
1058
2519
1832
6311
881
165
5720
3841
66
55
6628
351
10678
3190
442
727
1144
4512
4936
5267
3191
3805
2362
70
1078
2289
3187
974
1006
4741
5080
223
1395
6075
3786
5767
123
758
4273
1474
2782
2414
335
289
7101
2052
1721
338
2335
567
115
82
4538
7059
6473
4178
1511
5437
630
7
3773
3527
4566
1954
5702
8302
486
425
1029
448
443
5043
96
2923
124
4323
4592
356
4459
1927
2793
1141
3067
2818
374
3569
211
242
2516
1042
1073
293
8228
206
7176
4808
4982
273
1464
4427
1635
5341
369
5526
3000
2305
1590
5327
765
2643
1374
3150
3275
944
7740
1024
1937
3347
16547
2328
1026
8288
1975
5130
1347
1177
420
221
3896
187
199
3852
2806
7595
1825
1184
140
2814
1858
3946
226
537
131
3346
1119
6285
1235
1253
1122
852
1025
1019
60
5245
4094
141
1420
2111
2811
2890
137
541
1781
1035
71
497
204
1666
482
1874
450
672
518
1719
2139
3510
1250
1955
783
261
2895
188
1729
1986
4211
2477
3109
1847
4025
191
1519
4187
3230
2483
1892
2331
1734
602
6594
3009
616
8105
2089
5750
186
3524
3455
1051
960
10451
8436
1152
2547
4415
1283
426
1604
2885
3592
2435
3152
1442
2750
731
1140
1569
1653
3048
969
1371
2037
2234
7417
1706
4081
917
1001
3994
2705
3950
6734
72
6548
2859
3002
955
4731
7088
234
322
1168
1798
2813
8050
725
949
430
2389
2855
5539
1516
970
4837
1267
571
8188
3521
4073
617
479
2611
2774
806
31
235
1407
2424
12057
1404
2932
4851
1276
836
86
264
1381
2490
3180
102
3688
1758
662
1637
3451
2779
167
4297
2717
5549
3532
7162
14527
4550
73
0
1053
3082
1064
1593
1612
4388
14
3838
3010
854
5476
1533
1999
1084
1360
8734
1175
4861
4244
1227
3508
225
8792
3232
2527
3608
27
1508
7970
510
2847
612
65
708
4863
6186
487
4996
2502
3443
2562
5481
36
45
5886
1062
6240
481
208
1524
923
95
6943
516
1002
3734
2661
4143
118
3431
2182
1714
522
8841
3679
364
200
367
544
4064
5884
4722
1277
3117
4311
7600
984
7518
2117
9633
291
1065
5260
5006
345
7771
3025
1716
3952
1820
1630
749
2033
620
2116
1213
511
166
1505
48
483
1920
376
2809
2541
5415
1357
212
3248
2308
674
555
4477
1570
1609
2820
57
797
178
3784
2200
169
89
5182
737
4509
386
11545
4487
9417
456
1736
1063
9577
3372
156
3579
1020
912
21
3999
990
4479
1085
133
8935
2598
4530
1225
3272
3982
5238
4370
1142
3696
2499
2342
449
932
593
562
5
4380
805
2184
3022
512
101
623
3127
1281
9316
2418
1478
4313
5124
576
1827
1068
1884
2677
83
2580
3723
111
2332
16873
6596
6521
547
8805
6752
798
4175
2518
130
1330
1940
498
2438
1520
1551
3105
3020
2248
3590
117
224
3474
1036
5336
6492
2883
3144
628
501
464
1738
11028
9044
3738
8161
4320
589
40
1659
2958
1228
5695
943
685
946
2292
3006
6227
2510
1900
1205
3540
4642
971
20
3836
2673
6530
2174
4431
8854
3026
1257
5069
202
5119
2238
4228
821
2576
5983
244
5018
1624
4027
4037
5431
2936
1422
209
5648
560
3810
635
3128
1242
6541
9183
6903
991
863
80
3666
1248
4730
3077
4935
1282
3424
2125
2202
1483
11966
4464
2437
317
7233
8146
6766
2706
2141
6654
61
142
9162
5761
5094
1095
1671
1156
245
1162
1428
2322
457
5315
551
1018
297
403
579
358
761
5060
116
999
283
4351
939
1294
453
