375
60
1128
1786
270
225
597
455
891
264
2697
1821
1463
6
508
717
1224
182
212
822
1743
72
1125
430
215
485
13
33
301
27
320
210
340
914
242
818
241
609
437
21
1336
28
870
42
1808
962
275
604
708
1596
239
52
115
2153
595
29
30
1267
209
2033
899
268
292
308
1727
1373
1257
1041
888
1072
167
848
865
109
324
670
655
138
379
1061
1099
863
267
333
621
254
1076
449
265
1478
454
1270
56
271
176
64
919
1328
2020
1163
517
1221
368
9
685
712
767
1425
1556
250
55
89
113
988
1024
50
1305
129
996
524
978
143
510
74
1917
76
5
32
887
418
412
79
1246
1348
1127
1167
263
262
10
1172
977
327
2097
860
641
298
1632
415
915
227
974
174
1978
754
2159
495
1153
1047
3400
1131
626
1772
540
1371
568
171
118
119
811
70
85
1114
961
1008
278
773
78
847
681
1054
101
114
789
432
1319
202
312
120
541
573
503
26
1060
1030
133
146
534
936
1037
287
475
158
2
123
58
1044
284
426
57
232
196
612
560
274
658
363
137
657
152
713
341
790
1091
500
785
611
823
531
1118
442
950
834
602
90
3814
892
125
2264
451
815
1539
282
169
2429
1965
457
694
1977
579
106
257
1368
478
575
857
1173
273
676
186
660
197
506
2529
1101
995
306
343
759
1195
875
1452
1105
776
191
1136
217
1124
2198
49
175
461
260
549
2075
667
393
211
161
904
394
1207
835
387
3640
1652
1775
492
157
208
1115
446
37
206
1014
716
532
2657
473
652
893
110
18
704
476
496
24
654
480
656
761
634
1020
1109
1042
2141
2560
1088
22
0
488
2375
314
491
1052
1144
1171
2401
293
1410
336
605
380
1992
752
751
1266
499
107
2166
663
792
622
1248
1426
373
96
31
419
1705
385
1393
1242
542
664
14
4
2275
458
1740
168
930
572
317
979
218
1558
148
466
970
2434
1474
20
544
528
102
1838
968
122
84
65
97
1133
1120
732
2326
662
839
593
1064
319
1863
408
1920
135
493
1026
1209
134
2244
1162
1107
1304
498
339
342
194
972
322
1402
223
439
144
1407
821
1522
827
1035
1356
41
381
154
2605
547
378
1122
34
627
1009
337
703
1063
1696
960
2366
942
395
1998
93
1057
450
826
195
843
286
159
1718
1200
335
729
1597
881
165
855
861
198
553
43
181
1395
894
40
1181
642
2615
16
672
330
1006
66
277
749
490
11
866
580
3077
1770
1437
2012
2060
1080
163
898
75
487
730
1202
589
48
760
1500
423
976
44
124
1581
1817
769
856
435
177
2388
3068
2533
1212
1208
377
886
745
166
184
399
639
162
1512
864
554
266
374
1186
173
8
679
1247
1837
1031
1454
2038
710
429
151
1644
303
1359
838
1303
625
2110
1175
774
216
1637
530
428
1376
1642
1651
347
624
610
269
1116
150
812
504
562
2724
53
2893
1866
1745
23
3206
2206
345
601
299
1381
1226
193
344
1537
95
214
552
705
