217
63
400
921
219
204
382
471
376
121
945
608
711
20
146
306
625
73
720
403
50
531
474
123
407
25
22
215
9
90
267
298
810
111
324
129
308
11
620
7
260
44
654
302
109
338
171
491
135
3
98
991
465
6
540
134
983
450
60
120
180
630
585
503
744
462
519
274
275
483
182
92
528
39
100
484
444
228
360
136
476
270
116
549
364
520
29
289
158
13
497
804
721
565
15
869
115
24
86
32
45
439
12
17
556
404
361
216
482
410
170
394
284
533
5
371
315
304
19
900
431
414
122
161
427
10
443
821
237
602
392
249
716
234
256
95
230
413
268
191
888
505
227
1049
269
617
335
728
239
76
110
885
824
990
352
62
395
285
543
245
28
594
513
632
108
189
89
244
30
332
64
417
384
397
8
402
21
374
359
211
31
152
563
301
225
329
246
40
201
932
343
314
305
363
606
426
522
254
933
406
59
278
496
43
418
479
37
192
994
841
339
580
229
143
167
380
257
448
424
619
132
200
512
277
202
173
618
290
461
624
399
155
524
616
691
52
114
205
266
263
972
511
113
751
492
696
127
273
164
507
428
147
508
495
212
56
293
151
515
258
81
568
621
842
823
692
261
292
469
907
104
441
119
614
873
222
467
859
185
330
506
248
552
223
401
861
653
101
997
243
97
435
651
572
83
14
16
347
613
316
405
747
242
785
156
906
743
356
408
226
153
294
107
331
175
94
516
367
440
224
373
539
645
281
562
57
481
523
514
65
117
567
154
490
421
793
526
18
541
138
354
236
49
592
77
685
41
163
38
72
446
712
4
250
509
287
262
383
365
370
206
378
299
995
819
598
61
678
386
238
47
280
235
141
295
91
2
583
561
187
894
911
640
197
536
591
349
532
684
398
480
675
148
102
432
611
486
312
93
145
391
75
168
529
827
1051
188
342
103
599
375
713
610
967
703
485
623
584
411
458
282
36
500
46
165
176
112
74
650
