206
4
42
403
354
278
5
0
81
51
22
69
30
41
11
121
1
129
59
102
10
209
8
156
43
187
47
202
14
87
125
127
132
29
320
86
37
131
84
166
313
80
75
179
118
426
24
90
54
860
17
3
92
83
35
27
52
50
162
133
347
100
13
114
142
58
61
225
215
76
60
208
34
36
303
15
31
39
167
2
120
49
18
21
124
106
226
105
263
260
62
23
12
7
46
135
205
111
116
78
282
149
153
468
67
55
137
289
190
293
217
634
688
65
95
171
134
253
57
128
213
143
33
189
48
323
38
250
569
168
232
302
455
20
242
77
109
533
108
53
136
79
309
6
96
164
28
157
45
32
113
98
101
71
40
592
244
73
170
301
411
709
88
270
428
580
304
19
267
9
329
327
44
126
154
93
138
174
150
70
152
25
248
63
424
159
243
64
240
165
221
26
201
367
148
119
104
122
200
224
233
72
425
56
414
82
514
68
196
283
99
195
161
144
482
89
97
274
193
368
160
461
440
140
123
16
115
231
182
349
405
175
241
172
345
393
110
218
410
210
398
311
147
286
184
181
715
310
103
192
94
186
673
178
204
586
437
355
351
74
542
427
183
66
117
107
220
331
256
275
1171
198
523
382
307
492
249
145
251
203
258
318
745
402
400
273
163
130
169
277
176
85
228
91
155
112
391
264
223
141
185
487
151
446
439
1072
464
470
306
297
219
211
460
222
236
216
139
611
259
509
385
407
271
558
450
739
199
227
177
261
342
296
314
245
291
377
316
564
191
322
483
629
557
590
346
637
474
180
194
695
265
353
554
384
501
280
257
907
499
517
288
308
290
317
214
158
429
458
330
237
287
607
262
534
422
378
146
348
207
805
197
235
445
395
495
602
515
276
325
358
299
466
173
624
234
537
284
305
298
370
268
247
387
337
230
295
326
547
188
736
335
392
312
341
281
441
477
279
292
255
471
338
376
406
272
792
362
238
484
352
485
363
837
383
350
561
404
675
451
229
409
212
417
359
506
565
371
285
488
532
336
733
953
315
254
372
360
394
562
699
504
266
583
448
644
467
433
536
300
465
550
269
708
356
239
365
357
722
419
344
434
252
489
420
408
647
573
416
374
568
493
597
334
369
435
361
438
572
575
519
443
364
386
389
390
513
343
339
472
502
413
412
653
3067
397
676
294
396
591
531
549
490
529
539
1120.0
332
246
401
610
496
540
473
486
319
640
476
2620
5.1
380
423
528
742
545
456
379
415
895
1028
987
1716
321
381
375
2048
578
551
918
636
679
983
388
806
728
1130
982
618
538
2105
333
2294
447
596
2024-06-13
494
324
t
2024-06-12
