6528
6589
6756
6779
6784
6812
6853
6868
6887
6924
6943
6954
7008
7019
7021
7054
7094
7102
7116
7213
7542
7543
7545
7569
7712
7781
7789
7838
7898
7917
7928
7934
8028
8082
8117
8118
8205
8222
8233
8297
8402
8486
8732
8769
8787
8924
8982
8990
9068
9078
9080
9138
9191
9223
9236
9277
9354
14060
9368
20770
9675
9696
9772
9774
9784
9809
9810
9835
9880
9891
9893
9985
10080
10175
10177
10214
10265
10268
10312
18674
10626
10702
10788
10793
10794
10820
10899
10997
11153
18795
11326
11355
20622
11711
11716
11720
11729
11747
12073
12117
12124
12162
12296
18909
18493
18777
12466
12665
12685
430424
12798
12799
12929
13056
13097
13098
13128
13168
18984
13415
13549
13716
13729
13745
13746
13826
13842
13871
13874
13914
13959
14055
14062
14079
14110
14159
14270
14352
14377
14393
14394
14398
14399
14400
45974
14422
14566
14625
14704
14761
19113
14844
14879
15169
15185
15208
15267
15330
15331
15340
15375
15438
15472
15521
15600
15667
15672
15841
15900
15956
15959
15969
15989
16001
507217
3
4
16204
45229
8
35403
38710
38713
38754
38812
38833
38980
42821
42884
5837
38204
38213
38217
45164
46460
46463
298432
299298
27779
27595
38371
504997
350553
351822
352202
38612
38271
38373
519961
53
55
56
57
59
60
61
62
63
65
66
67
68
69
71
16469
43884
113
30839
114
35294
44072
35295
32004
115
31700
116
31713
117
118
119
120
121
122
123
30738
124
125
30743
126
30751
127
128
4614
41087
41098
39950
44455
45043
40039
46495
46580
46642
46648
298348
298392
298393
299272
300313
300400
307238
307323
308539
309767
309272
311164
323246
346520
46513
513006
16551
16573
16591
16593
16604
20291
306929
612
614
615
620
621
622
623
624
625
627
629
631
46598
632
637
508451
46600
314749
643
646
647
45222
311583
657
663
664
46602
684
687
508455
43877
710
711
717
723
737
741
742
747
751
46478
754
756
757
300227
768
299183
311591
769
773
774
779
780
783
786
787
794
799
800
809
812
320210
818
821
822
823
827
829
830
831
832
834
836
839
841
311595
844
46603
847
848
851
852
855
856
857
858
859
862
863
865
868
46604
870
871
875
876
878
879
880
883
888
889
890
891
892
893
46605
895
896
899
901
902
906
908
910
913
914
918
920
921
931
934
936
937
945
947
46534
951
960
965
971
972
978
982
990
991
998
999
1003
1010
1014
1016
1018
1020
320473
1028
46612
46614
46615
311598
43875
1045
1049
1052
1056
1062
1064
1069
1080
1082
1085
1091
1096
1108
1109
1111
1113
1115
1137
1138
1145
1149
1151
1155
1163
1170
1174
320218
1184
1185
1202
1219
1220
16754
16765
299244
1265
46497
1266
1268
1272
299265
44690
508457
1276
299180
310989
46616
298378
46539
46498
311601
44158
27224
353993
354040
1286
1289
1290
508467
1294
1295
1297
1298
1300
1301
1303
1304
1311
1312
1314
1316
1317
1322
1325
1328
46592
1329
1330
1331
1332
1334
1335
1337
1338
1341
1346
1349
1351
1352
1353
306924
1355
1361
1362
1365
1368
16854
16869
16909
16943
46617
43873
1369
332255
1372
1382
1383
1384
46491
1391
1393
1395
1401
1402
1403
1407
1409
1412
1425
46601
1427
1429
1433
314444
1440
1444
1445
1447
1448
46626
1450
1451
1454
1455
1456
1458
1460
1461
46618
1480
1481
1483
44372
508479
1494
300230
298325
28323
44427
1499
1502
1504
1507
314907
1511
1512
1517
1518
1521
28308
1526
1528
1535
46493
46621
1538
1550
1551
1552
1556
1558
1560
1562
1564
299269
1571
1575
1587
28288
46595
1596
300234
320219
313805
1617
44471
46627
508444
314914
320216
299277
46596
1654
1657
1661
1662
1663
1664
1665
1666
1667
1668
1669
1670
1671
1672
1673
1674
1675
1678
1682
1683
1685
1686
1687
1688
1689
1690
1364
1691
1692
1693
1694
1695
1698
1699
1701
1702
1703
1704
1705
1706
1708
1710
1711
1713
1716
1717
1718
1719
1720
1721
1723
1724
1725
1726
1727
1729
1730
1731
1732
1734
1735
1736
1737
1739
1740
1741
1742
1743
1744
1745
1747
1748
1749
1751
1756
1757
1758
1759
1761
1762
1763
1764
1766
1436
1768
1769
1770
1771
1772
1773
1774
1775
1779
1780
1783
1784
1786
1787
1790
1340
1791
1793
1794
1795
1797
1799
639
1801
1803
1804
1805
1293
1806
1808
1809
1810
1811
1813
1814
1815
1816
1817
1819
1820
1821
1822
1824
1826
1827
1829
1832
1833
1834
1836
1837
1838
1839
1840
1842
1843
1844
1845
1846
1848
1849
1851
1854
1855
1856
1857
1858
1859
1860
1861
1862
1863
1864
1865
1866
1867
1868
1869
1870
1871
1872
1873
1874
1875
1876
1877
1878
1879
1880
1881
1882
1883
1885
1886
1887
1888
1889
1890
1891
1892
1893
1895
1896
1323
1897
1898
1900
1902
1903
1904
1906
1907
1908
1909
1911
1913
1914
1915
1916
1917
1918
1919
1920
1922
1924
1925
1926
1927
1928
1929
1930
1931
1932
1933
1935
1936
1937
1938
1939
1940
1941
1942
1943
1945
1946
1949
1950
1951
1953
1954
1955
1956
1957
1958
1959
1960
1961
1963
1965
1966
1967
1968
1969
1970
1971
1972
1973
1974
1975
1976
1977
1978
1979
1980
1982
1983
1984
1985
1986
1987
1988
1989
1990
1991
1992
1993
1995
1996
1997
1998
1999
2000
2001
2002
2003
2004
315494
315495
315905
315908
316034
316070
316178
316207
316210
316219
316223
316351
316438
316520
316525
316807
317687
317698
317781
317836
317839
317875
317878
317881
323305
30118
316441
2006
2007
2008
2010
2011
2014
2017
2018
2019
2022
2024
2028
2030
2032
2034
2039
2042
2043
2044
19598
2048
2049
2050
2051
2054
2056
2057
2060
2061
2062
2063
28101
2065
2068
2069
2070
2071
2074
2075
2077
2078
2079
2080
2081
2083
2084
2086
2087
308197
308649
309957
311008
311010
311045
311069
312210
313649
315240
315391
315396
315401
315403
315567
315572
315577
315580
315600
315843
315848
315937
315944
315946
315950
315991
316012
316016
316018
316019
316026
316027
316121
316126
316129
316132
316183
316189
321578
326221
328934
2209
2215
17150
2088
2089
2090
354173
2091
2093
2094
2095
2096
2097
2098
2099
2100
31742
2101
2102
4967
4969
4970
4971
2104
2105
300781
323056
2106
2107
323025
2108
2110
2111
2112
2113
2114
2115
2116
2117
2118
2119
2120
2121
2122
2123
2124
2125
2126
2127
2130
17154
2131
2132
44483
2133
2136
2138
2139
2141
2142
2143
2144
30962
30963
2152
2153
2154
2155
29031
43748
43749
29771
2157
2158
30969
324980
2159
2160
28478
29954
29036
2161
2162
30975
29043
2163
29047
29048
29050
2165
29899
29052
29053
2167
2168
29056
2169
29058
29059
2183
2184
2185
2186
2187
28569
2188
2189
505079
2190
2191
2192
2193
2194
2195
28495
28561
2196
2197
2198
43122
2199
2743
2200
2201
2202
2203
28519
2204
28557
28562
29067
2205
2206
2207
29069
28698
2208
2210
2211
2212
2213
2214
2216
2217
2218
2219
2220
2221
2222
2223
2224
2225
29070
28575
28592
314001
29946
29072
28500
28502
2226
28568
2227
28587
2228
28648
2229
28708
28635
2230
28764
2231
2232
2233
28742
2234
2235
2236
28492
2237
28490
28532
28761
28717
28504
2238
2239
2240
28536
2241
28577
28586
2242
2243
28678
2244
28686
2245
2246
2247
2248
2249
2250
28609
28630
2251
2252
2253
2254
28650
29848
28571
2255
28738
29078
2256
28507
28525
28710
2257
2258
28691
28578
29083
2259
2260
28629
28555
317932
28517
28544
2261
2262
28594
28627
28638
2263
28664
28707
28556
2264
28753
28545
28688
2265
28509
28639
2266
28739
2267
2268
2269
2270
28506
28618
2271
315964
314009
2272
2273
2274
2275
28597
2276
2277
28653
2278
29091
2279
2280
2281
2282
2283
28542
2284
28602
2285
2286
28741
2287
28548
2288
2289
2290
28672
28684
28566
2291
28744
28759
2292
28590
28704
2293
28591
2294
28733
28734
28588
2295
28727
2296
2297
308836
2298
2299
2300
2301
2302
27245
27246
27247
2303
2304
27248
27249
2305
2306
2307
27252
2308
2309
27251
2310
27253
2311
2312
2313
2314
27254
2315
2316
2317
2318
27259
27258
2319
2320
2321
2322
27255
2323
27261
2324
2325
2326
27257
27260
2327
27262
2328
2329
2330
2331
2332
310896
27263
27270
2333
27264
2334
27266
2335
27265
27267
2336
334942
2337
2338
27269
2339
2340
2341
27268
27256
2342
2343
2344
2345
2346
27272
27273
2347
2348
2349
2350
2351
30532
27274
27275
2352
27271
27276
2353
307538
28473
3075
2385
2386
2387
29105
2388
2389
29108
2390
307357
2391
2392
29109
29110
29111
2393
2394
2395
307540
29112
2396
29113
2397
29114
2398
2399
29115
29116
2400
29117
2401
29120
29121
29122
2402
2403
29123
2405
2406
29124
2407
2408
2409
2410
2411
29127
44408
29129
2412
29133
29134
44409
2413
29135
2414
2415
2416
29136
2417
2418
2419
29137
29138
29139
2420
29140
29142
2421
2422
29143
29144
2423
29145
29146
29147
2404
29148
29149
35157
29150
29151
2424
2425
2426
2427
2428
29154
2429
29822
29155
29156
2430
29157
2431
29158
2432
2433
2434
29159
302294
29160
43211
29162
2435
2436
2437
29164
29966
2438
2439
46641
2440
29165
29679
2441
28479
2442
2443
2444
2445
2446
2447
2448
29166
2449
29167
2450
29168
2451
2452
3073
2453
2454
2455
29170
2456
2457
2458
2459
2460
2461
29171
2462
2463
29172
2464
2465
2466
2467
2468
29173
29174
29175
2469
29176
29177
2470
2471
2472
2473
29181
2474
29182
2475
29183
29185
29186
29187
29188
29189
29190
29191
2476
29192
2477
29193
2478
2479
29196
2480
29197
2481
29198
2482
2483
29200
2484
29201
2485
29202
2486
29642
2487
2488
2489
2490
2491
2492
2493
2494
29205
2495
29206
29207
2496
2497
2498
2499
2500
2501
2502
2503
2504
2505
2506
2507
2508
29210
2509
2510
2511
317476
2512
340490
28120
2513
2514
2515
2516
2517
2518
2519
2520
332213
28121
28122
2521
2522
2523
28123
316445
46371
2524
2525
28124
28125
28126
28127
2526
28128
2527
2528
2529
29213
517755
29214
29215
29216
27309
2530
29218
2531
2532
2533
43999
43996
29221
29222
29223
29224
2534
2535
29225
2536
43997
29228
2537
2538
29231
43998
2539
27310
2540
2541
2542
2543
29235
2544
29916
29236
318291
2545
2546
2547
2548
505342
2549
2550
2551
2552
2553
2554
2555
29247
2556
2557
2558
2559
2560
2561
2562
2563
30188
31003
2564
2565
2566
29254
2567
2568
2569
2570
2571
2572
2573
29827
2574
29257
2575
2576
2577
28474
29927
2578
29872
29260
2579
2580
29850
29955
29261
301115
29988
2581
2582
2583
2584
29265
2585
2586
2587
29266
2588
2589
2590
29880
30317
2591
30330
2592
2593
28116
44897
2594
2595
2596
2597
2598
2599
2600
30502
30225
2601
29284
30520
2602
29702
2603
2604
2605
2606
2607
2608
29921
29897
30026
312402
2609
2610
2611
30272
2612
2613
309484
2614
2615
2616
2617
2618
2619
2620
2621
2622
30142
2623
30224
30284
2625
2626
28149
2627
2628
30360
2629
2630
2631
2632
2633
30451
2635
2636
2637
2638
30577
2639
30582
45168
298473
309917
309923
309929
315469
315715
315858
320512
321030
321093
321166
321381
321416
321427
321439
321475
321478
2643
2644
2645
2646
29311
2647
29320
29321
29323
29324
2648
29325
29326
2649
2650
2651
29327
30522
2652
2653
29328
2654
29329
29330
2655
2656
2657
2658
2659
2660
29339
29340
2661
2662
29342
29343
29344
2663
29346
29347
2664
2665
2666
2667
2668
2669
2670
2671
2672
29352
29353
2673
2675
2676
2677
2678
2679
2680
2681
2682
2683
2684
2685
2686
2687
2688
2689
2690
2691
2692
2693
2694
2695
2696
2697
2699
2700
2701
2702
2703
2704
29367
2705
2706
30191
2707
2708
2709
2710
29369
29371
2711
29869
2712
30525
2713
2715
2716
29392
2717
2718
2721
2722
2723
2724
2725
2726
2727
2728
2729
2730
2731
2732
2733
2734
31022
2735
2736
2737
2738
2739
2740
2741
2742
2744
2745
2746
2747
2748
2749
2750
2751
2752
2753
2754
2755
2756
44007
2757
2758
31030
2759
2760
30031
2761
2762
2763
30273
2764
2765
30415
2766
30236
17228
17230
17244
2767
2768
31035
2770
2771
2772
2773
46533
2775
2778
299617
41301
2779
2782
2783
2784
2786
2787
2789
2790
2793
2794
2795
30038
2796
2797
27288
41143
2799
2800
2801
300795
2802
2803
2804
2805
2806
2807
2808
2809
2811
2812
2813
30164
2816
2818
2819
31055
27290
2820
2821
2822
2823
2825
2826
2827
2828
2829
2830
2831
2832
2833
2835
2836
41210
27295
2837
2838
2839
30453
2841
41188
2843
2844
2845
2846
2847
2848
2850
2851
2853
27298
2854
2855
2856
2857
27282
299605
2858
2860
2861
2862
2863
2864
2866
2868
323021
2870
2871
2872
308033
2873
2874
2875
2876
2877
318444
2878
2880
2881
2882
2883
2884
2885
2886
2887
2888
2890
30012
2892
2893
2894
2895
2896
2897
2898
4641
300253
2901
2902
2903
2904
2905
2906
2908
2909
2910
2911
2912
2913
2914
2917
2919
2920
2922
2923
2924
2925
2927
2928
2929
2930
2931
2932
2933
2934
2935
2936
2937
2938
2939
2940
2941
2942
2944
2945
2946
2947
2948
2949
2950
2951
2952
2953
2954
2957
2958
2959
2961
2963
2964
2965
2966
2967
32428
2968
2969
2970
2971
2972
2973
2974
2975
2980
2981
2982
2983
2984
2986
506406
43641
354000
356274
2993
2994
2996
2997
2998
2999
3000
3002
3003
3004
3005
3006
3010
3013
3014
3015
3016
3018
3019
3020
3022
3023
3024
29545
3026
3027
3028
3029
3030
3031
3032
3035
3036
527623
3037
3038
3039
3040
3041
3042
3043
3044
3046
3047
3048
3049
3050
3051
3052
3053
3054
3055
3056
3057
30780
3058
3059
31438
3060
3061
3062
3063
3064
17493
17501
17535
3066
3067
3068
3069
3070
3071
35132
45167
46501
307269
307382
307389
307395
307401
307406
307624
307412
307417
307420
307423
307438
307471
307508
307511
307528
307536
307565
307576
307740
307908
307977
314367
315672
315788
316038
316100
316248
316270
316275
316328
316396
316634
316818
317885
319032
319137
319348
319943
320072
320075
320611
320793
321059
329259
331711
335479
342648
527373
30935
29640
3076
3077
3078
3079
3080
3081
3082
3083
3084
35151
3093
3095
3097
3098
3099
3100
3101
3102
3103
3104
3105
3106
3107
29694
3109
3110
3111
3112
3113
3114
3115
3116
3117
3118
3119
3120
3121
325736
3122
3123
3125
3126
3129
3130
3131
3132
3133
3134
3135
323315
3137
3138
3139
42451
3146
3147
3148
3149
3150
3151
3153
3155
3157
3158
3160
3161
3162
3163
3164
3165
3166
3168
3169
3170
3172
3173
31899
319714
3174
31574
2354
2373
3175
3176
3177
3178
3179
3180
3181
3182
3183
2356
3184
3185
3186
3187
3188
3189
2383
3190
3191
3192
3193
3194
3195
3196
3197
3198
3199
3200
3201
3202
3203
3204
17623
3247
3205
3206
3208
3210
3213
28485
3215
3216
3217
3219
3221
3222
3223
3224
3225
3226
3227
3232
3234
3236
3237
3238
3239
3240
300862
3241
3242
3243
31623
300673
3244
3245
3246
3249
3248
30553
3250
3251
3252
3253
3254
3256
3257
3258
3259
3260
43983
43988
317630
318134
3263
3264
3265
20124
17665
310904
325374
3271
3266
17868
17916
340310
43966
44908
46518
46512
46625
300715
301040
301043
301046
301051
3305
3303
513707
46181
46546
298337
298698
298708
298713
298718
298723
298726
298729
298732
298735
298738
298742
298750
298755
298758
298761
308679
308681
308684
308691
308694
308701
308707
308709
308710
308712
315597
315663
315859
315869
315884
315903
315914
316153
316200
316798
316802
317365
317479
317499
317563
317606
317609
317627
317649
317652
317667
317746
317888
317889
317907
317910
317913
317917
317976
318087
318090
318093
318222
318911
318914
318979
319213
319216
319288
319291
319312
319327
319330
319360
319429
319435
319926
319978
320233
320682
320806
331158
506425
510890
511044
511059
511064
518704
518810
18302
18303
18304
18305
18306
18308
18309
18310
18311
18312
18313
18314
18315
18316
18317
18318
18319
18320
18321
18322
18323
18324
18325
18326
20238
18327
18328
18329
18330
18332
18333
18334
18335
18336
18337
18338
18339
18340
18341
18342
18343
18344
18345
18346
18347
18348
18349
18350
18351
18352
18353
18354
18355
18356
18357
18359
18360
18362
18363
18364
18365
18366
18367
18368
18369
18370
18371
18372
18373
18374
18375
18376
18377
18378
18379
18380
18381
18382
18384
18385
18386
18387
18388
18389
18390
18391
18392
18393
18394
18395
18396
18397
18398
18399
18400
18401
18402
18404
18405
18406
18407
18408
18409
18410
18411
18412
18413
18415
18416
18417
18418
18419
18420
18421
18422
18423
18424
18425
18426
18427
18428
18430
18431
18432
18433
18434
18435
18436
18437
18438
18439
18440
18441
18442
18443
18444
18446
18447
18448
18449
18450
18451
18452
18453
18454
18455
18456
18457
18458
18459
18460
18461
18462
18463
18464
18465
18466
18467
18468
18469
18470
18471
18473
18474
18475
18476
18477
18478
18479
18480
18481
18482
18483
18484
18485
18486
18487
18488
18490
18491
18492
18494
18495
18496
18498
18500
18501
18502
18503
18504
18505
18506
18507
18508
18509
18510
18511
18513
18514
18515
18516
18517
18518
18519
18520
18522
18523
18524
18525
18526
18527
18528
18529
18530
18532
18533
18534
18535
18536
18537
18538
18541
18542
18544
18545
18546
18547
18548
18549
18550
18552
18553
18554
18556
18558
18559
18560
18562
18564
18565
18566
18567
18568
18569
18570
18571
18572
18573
18574
18575
18576
18577
18578
18579
18580
18581
18582
18583
18584
18585
18586
18587
18588
18589
18590
18591
18592
18593
18594
18595
18596
18597
18598
18599
18600
18601
18602
18603
18604
18605
18606
18607
18608
18609
18610
18611
18613
18614
18615
18616
18617
18618
18619
18620
18621
18622
18623
18624
18625
18626
18629
18630
18631
18632
18633
18635
18638
18639
18640
18641
18642
18643
18644
18645
18646
18647
18650
18651
18652
18653
18654
18655
18656
18657
18658
18659
18660
18661
18662
18663
18664
18665
18666
18668
18669
18670
18671
18672
18673
18675
18676
18677
18678
18679
18680
18681
18682
18683
18684
18685
18686
18687
18688
18689
18691
18692
18693
18694
18695
18696
18697
18699
18700
18701
18702
18703
18704
18705
18706
18707
18708
18709
18710
18711
18712
18713
18714
18715
18716
18717
18719
18720
18721
18722
18723
18724
18726
18728
18729
18731
18732
18733
18734
18735
18736
18737
18738
18739
18740
18741
18742
18743
18744
18745
18746
18747
18748
18749
18750
18751
18753
18754
18756
18757
18759
18760
18761
18762
18763
18764
18765
18766
18767
18768
18769
18770
18772
18773
18774
18775
18776
18778
18779
18780
18781
18782
18784
18785
18786
18787
18788
18789
18790
18791
18792
18793
18794
18796
18797
18799
18800
18801
18802
18803
18804
18805
18806
18807
18808
18809
18810
18811
18812
18813
18814
18815
18816
18817
18818
18819
18820
18821
18822
18823
18824
18825
18826
18827
18828
18829
18830
18831
18832
18833
18834
18836
18837
18838
18840
18841
18842
18843
18844
18845
18846
18847
18848
18849
18850
18851
18852
18853
18854
18855
18856
18857
18858
18859
18860
18862
18864
18865
18866
18868
18869
18870
18871
18872
18873
18874
18875
18876
18877
18878
18879
18881
18882
18883
18884
18885
18886
18887
18888
18889
18890
18891
18892
18893
18894
18895
18896
18897
18898
18899
18900
18901
18902
18903
18904
18905
18907
18908
18910
18911
18912
18913
18914
18915
18916
18917
18918
18919
18920
18921
18923
18924
18925
18926
18927
18928
18929
18930
18931
18932
18933
18934
18935
18936
18937
18938
18939
18940
18941
18942
18943
18944
18945
18946
18947
18948
18949
18950
18952
18953
18954
18955
18957
18959
18960
18961
18962
18963
18965
18966
18967
18969
18970
18971
18972
18973
18974
18975
18976
18978
18979
18980
18981
18982
18983
18985
18986
18987
18988
18989
18990
18991
18992
18993
18994
18995
18996
18997
18998
18999
19000
19001
19002
19003
19004
19005
19006
19007
19008
19009
19010
19011
19012
19013
19014
19015
19017
19018
19019
19020
19021
19023
19024
19025
19026
19027
19030
19031
19032
19033
19034
19036
19037
19038
20264
19039
19040
19041
19042
19043
19044
19046
19047
19048
19049
19050
19051
19052
19053
19054
19055
19056
19057
19058
19059
19060
19061
19062
19063
19064
19065
19066
19067
19068
19069
19070
19071
19072
19073
19075
19076
19077
19078
19079
19080
19081
19082
19083
19084
19085
19086
19087
19088
19089
19090
19091
19092
19093
19094
19095
19096
19097
19098
19099
19100
19101
19102
19103
19104
19105
19107
19108
19109
19111
19112
19114
19115
19116
19117
19118
19119
19120
19121
19122
19123
19124
19125
19127
19128
19129
19130
19131
19133
19134
19135
19136
19137
19138
19139
19140
19141
19142
19143
19144
19145
19146
19147
19148
19149
19150
19151
19152
19153
19154
19156
19157
19158
19159
19160
19161
19162
19163
19164
19165
19166
19168
19169
19171
19172
19173
19174
19175
19176
19177
19180
19181
19182
19183
19184
19185
19186
19187
19188
19189
19190
19191
19193
19194
19195
19196
19197
19198
19199
19200
19201
19202
19203
19204
19205
19206
19207
19208
19209
19210
19211
19212
19213
19214
19215
19216
19217
19218
19219
19221
19222
19223
19224
19225
19226
19227
3356
3357
16091
3358
3359
19228
19229
3360
19230
19231
3361
3362
3363
19232
19233
19234
19235
19236
19237
19238
19239
3364
19242
19243
19244
3365
19245
19246
19247
19248
19249
19250
3366
3367
19251
19252
3368
19253
19254
19255
3369
19256
19257
19258
19259
19260
19261
19262
19263
19264
19265
19266
19267
19268
19269
19270
19271
19272
19273
3370
3371
3372
3373
3374
3375
19275
3376
19276
3377
19277
19278
19279
19280
3378
3379
19281
19282
19283
19284
19285
19286
19287
19288
19289
3380
19290
19291
19292
19293
3381
19294
3382
19295
19296
21170
19297
19298
19299
19300
19110
19301
19302
19303
19304
19305
3383
19306
19028
19307
19308
19309
19310
19311
19312
19313
19314
19315
19316
19317
19318
3384
19319
19320
3385
19321
19322
19323
19324
19325
3386
19326
19327
19328
3387
19329
3388
19330
19331
19332
19333
19334
19335
19336
3389
19337
19338
19339
19340
19341
19342
19343
19344
3390
19346
19347
19348
3391
3392
3393
3394
19349
19350
19351
19352
19353
19354
19355
19356
19357
19358
19359
3395
19360
3396
19361
3397
16498
18730
19363
3398
19364
19365
3399
19366
3400
3401
19367
3402
3403
19368
19369
19370
19371
19372
3404
3405
19373
19374
19375
3406
19376
3407
19377
19378
3408
3409
19379
3410
3411
19380
19381
19382
3412
3413
3414
18839
19383
19384
19385
3415
19386
19387
19388
3416
19389
19390
3417
19391
3418
3419
19392
19393
19394
3420
19395
19396
19397
19398
3421
3422
19399
19400
19401
19402
19403
3423
3424
19404
19405
19406
3425
3426
19407
19408
20252
19409
3427
3428
19410
19411
3429
3430
19412
19413
3431
19414
3432
19415
19416
19417
19418
19419
19420
19421
3433
19422
19423
3434
3435
19424
19425
19426
19427
19428
3436
19429
19430
19431
3437
19432
19433
19434
19435
19436
19437
19438
19439
19440
19441
19442
19443
19444
19445
19446
19447
19448
19449
19450
19451
19452
19453
19454
19455
19456
19457
19458
3438
19459
3439
19460
3440
19461
19462
19463
19464
19465
3441
19467
19468
19469
19470
18977
3442
19471
19472
19473
19474
19475
19476
19477
3443
3444
19478
19479
19480
3445
19481
19482
19483
16710
19484
19485
19486
19487
19488
19489
3446
3447
19490
19491
3448
19492
19493
19494
3449
19495
3450
19496
19497
19498
3451
19499
19500
19501
3452
19502
19503
3453
19504
19505
19506
19507
19508
19509
19510
20619
3454
19512
19513
3455
3456
19514
19515
3457
19516
19517
18667
3458
3459
19518
3460
19519
19521
19522
19523
19524
3461
19525
19526
19527
19528
19529
19530
19531
3462
19532
19533
19534
19535
3463
19536
3464
19537
19538
19539
3465
19540
19541
19542
19543
19544
19545
19546
19547
19549
19550
19551
3466
19552
19553
19554
3467
19555
19556
19557
3468
19558
19559
3469
3470
19560
19561
19562
19563
19564
19565
19566
19567
21172
3471
19568
19569
3472
3473
19570
19571
21154
19572
19573
19574
19575
19576
3474
3475
19577
19578
19579
19580
3476
19581
19582
19583
19584
19585
19586
19587
19588
19589
19590
19591
19593
19594
19595
19596
19597
19599
19600
19601
19602
19603
19604
19605
19606
19607
19608
19609
19610
19611
19612
19613
19614
3477
3478
19615
3479
3480
19616
3481
19617
3482
3483
19178
19618
19619
3484
19620
3485
19621
19622
3486
19623
3487
19624
19625
3488
19626
19627
3489
19628
19629
19630
19632
19633
19634
19635
19636
3490
3491
19637
19638
19639
19640
19641
3492
3493
19642
19643
19644
19645
19646
19647
3494
19648
19649
19650
19651
19652
3495
19653
19654
19655
3496
19656
19657
19658
19659
19660
19661
3497
19662
19663
19664
19665
3498
19666
19667
19668
19669
19670
19671
19672
18612
19673
19674
19675
19676
19677
19045
19678
19679
19680
3499
19681
11812
18783
19682
19683
19684
19685
19686
19687
19688
19689
19690
19691
19692
19693
19694
19695
19696
19697
19698
19699
19700
19701
19702
19703
19704
19705
19706
19707
19708
19709
19710
19711
19712
19713
19714
19715
19716
19717
3501
19719
19720
3502
46530
19721
19722
19723
19724
19725
19726
3503
19727
3504
19728
19729
19730
19731
19732
19733
19734
3505
19735
19736
19737
19738
19739
19740
19741
19742
19743
3506
19745
3507
3508
19746
19747
19748
19749
19750
3509
19751
3510
19752
3511
3512
19753
19754
19755
19756
19757
19758
3513
19759
19760
3514
18557
19761
19762
19763
19764
19765
19766
19767
3515
19768
19769
19770
3516
19771
19772
19773
19774
19775
19776
19777
3517
19778
19779
19780
19781
3518
19782
19783
3519
19784
3520
3521
19785
19786
19787
19788
3522
19789
19790
19791
18752
19792
19793
19794
19795
19796
19797
19798
19799
19801
19802
19803
19804
19805
19807
19808
19809
19810
19811
19812
19813
19814
19815
19816
19817
19818
19819
19820
19821
19822
19823
19824
19825
19826
19827
19828
19829
19830
19831
19832
19833
19834
19835
19836
19837
19838
19839
19840
19841
19842
19843
19844
3523
3524
3525
3526
19845
19846
19847
19848
19849
19850
19851
19852
19853
19854
19855
19856
19857
19858
19859
19860
19861
19862
19863
19864
3528
19865
18690
19866
18718
19867
19868
3529
19869
19870
19871
19872
19873
19874
19875
19876
3530
3531
3532
19877
3533
19878
3534
19879
19880
19881
19882
19883
19884
19885
3535
19886
3536
3537
19887
19888
19889
19890
19892
3538
19893
3539
19894
3540
19895
19896
3541
19897
3542
19898
3543
19899
19900
19901
19902
19903
3544
19904
3545
3546
19905
19906
19907
3547
19908
19909
19910
19911
19912
19913
19914
19915
19916
3548
19917
19918
19919
19920
19921
19922
19923
19924
19925
19926
19927
19928
19929
3550
19930
3551
19931
19932
19933
19934
19935
19936
19937
19938
3552
19939
19940
19941
19942
19943
3553
3554
19944
19945
19946
3555
19947
19948
3556
19949
19950
19951
19952
3557
19953
19954
19955
19956
19957
19958
19959
3558
19960
19961
19962
19963
19964
19965
19966
19967
19968
3559
19969
3560
19970
19971
19972
3527
19973
3561
19974
19975
3562
19976
19977
3563
3564
3565
19978
3566
3567
19979
3568
3569
3570
19980
3571
19981
19982
19983
19984
3572
3573
19985
19986
19987
19988
19989
3574
19990
19991
19992
19994
19995
19996
19997
19998
19999
3575
20001
20002
20003
20004
20005
20006
20007
20009
20010
20011
20012
20013
20014
20015
20016
20017
20018
20019
20020
20021
20022
20023
20024
20025
20026
20027
20028
20029
20030
20031
20032
20033
20034
20035
20036
20037
20038
20039
20040
20041
20042
20043
20044
20045
3576
20046
20444
20047
3577
20048
20049
3578
20050
3579
20051
3580
20052
20053
20054
20055
20056
20057
20058
3581
20059
20060
20061
20062
3582
3583
20063
3584
20064
20065
20066
20067
20068
20069
20070
20071
20072
20073
3585
3586
3587
3588
3589
20074
20075
20076
3590
20077
20078
20079
20080
3591
3592
20081
20082
20083
20084
20085
20086
20087
20088
20089
20090
3593
3594
20091
20092
20093
3595
20094
3596
3597
20095
20096
3598
20097
20098
3599
20099
20100
20101
20102
20103
20104
21359
20105
20106
3600
20107
20108
20109
20110
20111
20112
20113
20114
20115
20116
20117
20118
20119
20120
20121
20122
20123
20125
20126
20127
20128
20129
20130
20131
20132
20133
20134
20135
20136
20137
20138
20139
20140
20141
20142
20143
20144
20145
20146
20147
20148
20149
3601
3602
3603
3604
20151
20152
21056
3605
3606
20153
20154
20155
20156
20157
20158
20159
20160
20161
20162
20163
20164
20165
20166
20167
20168
3607
20170
20171
3608
20172
3609
20173
20174
20175
20176
20177
3610
21398
20178
3611
3612
20179
3613
20180
20181
20182
20183
20184
3614
3615
20185
20186
20187
20188
20189
3616
20190
20191
20192
20193
20194
3617
20195
20196
20197
20198
20199
20200
20201
20202
3618
3619
20203
20204
3620
3621
20205
20206
20207
20208
20209
20210
3622
20211
19016
20212
20213
20214
20215
20216
3623
20217
3624
20218
20219
20220
20221
3625
20222
20223
20224
20225
20226
20227
20228
3626
20229
20230
20231
20232
20233
20234
20235
20236
20237
20239
20240
20241
20242
20243
20244
20245
20246
20247
20248
20249
20250
20251
20253
20254
20255
20256
20257
20258
20259
20260
20261
20262
20263
20265
20266
20267
20268
20269
20270
20271
20275
20277
20278
20280
20281
20282
20283
20284
20285
20287
20288
20289
20290
20292
20293
20294
20295
20296
20297
20298
20299
20300
20301
20302
20303
20304
20305
20306
20307
20308
20309
20310
20312
20313
20314
20315
20316
20317
3627
3628
20318
3629
3630
3631
20319
3632
3633
3634
3635
3636
20320
20321
20322
20323
20324
3637
20325
3638
20326
20327
20328
3639
20329
20330
20331
3640
3641
20332
3642
3643
3644
20334
20335
20336
20337
20338
20339
20340
20341
20342
20343
20344
20345
3645
20346
20347
20348
20349
20350
20351
20352
20353
20354
20692
20355
21632
20356
3646
20357
20358
20359
3647
20360
20361
20362
20363
3648
20364
20365
20366
3649
3650
20367
20368
20369
20370
3651
3652
20371
20372
20373
3653
20374
20375
3654
3655
20376
20377
3656
3657
20378
20379
3658
20380
3659
20381
20382
18649
20383
20384
20385
20386
20387
20388
20389
20390
20391
20392
3660
20393
3661
20394
20395
20396
20397
20398
20399
3662
20400
12281
20401
20402
20403
20404
20405
20406
20407
20408
20409
20410
20411
20412
20413
20414
20415
20416
20417
20418
20419
20420
20421
20422
20423
20424
20425
20426
20427
20428
20429
20430
20431
20432
20433
20434
20435
20436
20437
20438
20439
20440
20441
20442
20443
20445
20446
20447
20448
20449
20450
20451
20452
20453
20454
20455
20456
20457
20458
20459
20460
20461
20462
20463
20464
20465
20466
20467
20468
20469
3663
20470
20471
20472
20473
20474
20475
20476
3664
20477
20478
3665
3666
20479
20480
3667
3668
20481
3669
3670
20482
20483
20484
20485
20486
20487
3671
20488
20489
3672
3673
20490
20491
3674
20492
3675
3676
20493
20494
20495
3677
3678
20496
3679
20497
20498
3680
20499
3681
20500
20501
3682
20502
20503
3683
20504
20505
20506
3684
20507
3685
3686
20508
3687
20509
20510
3688
20511
20512
20513
20514
20515
3689
3690
3691
20516
3692
20517
20518
18867
20519
20520
20521
3693
3694
20522
20523
20524
3695
20525
3696
20526
3697
20527
20528
20529
20530
20531
20532
3698
3699
20533
20534
20535
20536
20537
20538
20539
20540
20541
20542
3700
3701
20543
20544
3702
20545
20546
19029
20547
20548
20549
20550
20551
20552
20553
20554
20555
18758
20556
3703
3704
20557
20558
20559
20560
20561
20562
3705
3706
3707
3708
3709
3710
20563
3711
3712
20564
20565
3713
20566
20567
20568
20569
3714
20570
3715
20571
20572
20573
20574
20575
20576
20577
20578
20579
20580
20581
20582
20583
20584
20585
20586
3716
20587
20589
20590
20591
3717
3718
20592
20593
20594
20595
20596
20597
20598
20599
20600
20601
20602
20603
20604
20605
20606
20607
20608
20609
20610
20611
20612
20613
20614
20615
20616
20617
20618
20620
20621
20623
20624
20625
20626
20627
20628
20629
20630
3719
3720
3721
20633
20634
3722
20635
3723
20636
20637
3724
20638
3725
20639
3726
20640
3727
20641
3728
20642
3729
20643
3730
3731
20644
20645
20646
3732
3733
20647
3734
20648
20649
3735
3736
20650
3737
3738
20651
20652
20653
20654
20655
20656
20657
3739
3740
20658
20659
20660
3741
20661
20662
20663
20665
20666
3742
20667
20668
20669
3961
20670
3743
20671
20672
20673
20674
20675
20676
20677
20678
20679
20680
20681
20682
20683
20684
20685
20686
20687
20688
20689
20690
20691
20693
20694
20695
20696
20697
20698
20699
20700
20701
20702
20703
20704
20705
20706
20707
20708
20709
3744
20710
20711
18497
20712
20713
20714
20715
20716
20717
20718
20719
20720
20721
3745
20722
20723
20724
20725
3746
20726
20727
20728
20729
20730
20731
20732
3747
19035
20733
20734
20735
20736
20737
3748
20738
20739
20740
3749
20741
3750
20742
20743
20744
3751
20745
20746
20747
20748
20749
20750
20751
20752
3752
20753
20754
20755
20756
20757
20758
20759
20631
3753
20760
20761
20762
3754
20763
3755
20764
3756
18489
20765
23952
20766
20767
3757
3758
20768
20769
3759
3760
20771
20772
20773
20774
20775
20776
3761
20777
20778
20779
18361
20780
20781
20782
20783
20784
20785
20786
20788
20789
3762
20790
20791
20792
20793
20794
20795
20796
20797
20798
20799
20800
20801
20802
20803
3763
3764
3765
20804
20805
20807
20808
20809
3766
20810
20811
20812
20813
20814
3767
20815
3768
20816
20817
20818
20819
20820
3769
20821
20822
20823
20824
20826
3770
20827
20828
20829
3771
20830
20831
20832
3772
3773
3774
3775
3776
20833
20834
3777
3778
19132
20835
3779
20836
20837
20838
3780
20839
20840
3781
20841
20842
3782
20843
20844
20845
20846
20847
20848
20849
20850
20851
20852
3783
20853
3784
20854
3785
20855
20856
3786
18563
20857
20858
20859
20860
20861
3787
20862
20863
3788
3789
20865
20866
20867
313522
3790
20868
20869
20870
20871
20872
3791
20873
18627
3792
20874
20875
20876
3793
20877
20878
20879
20880
20881
3794
20882
20883
20884
20885
3795
20886
20887
20888
20889
20890
20891
20892
20893
20894
20895
20896
3796
3797
20897
20899
20900
20901
20902
20903
5635
20905
20906
20907
3837
3838
20908
20909
20910
20911
20912
3839
20913
20914
20915
3840
20916
19192
20917
20918
20919
20920
3841
3842
20921
3843
20922
3844
20923
20286
20924
3845
20925
19800
20926
3846
20927
20928
3847
20929
20930
20931
20932
3848
3849
20933
20934
318190
20935
20936
20937
3850
20938
20939
20940
3851
20941
20942
20943
3852
20944
20945
3853
20946
20947
20948
3854
3855
20949
20950
3856
20951
20952
20953
20954
20955
20956
20957
20958
20959
20960
20961
20962
20963
3857
20964
3858
20965
20966
20967
20968
3859
20969
20970
20971
20972
20973
3860
20974
20975
20976
20977
20978
20979
20980
18922
20981
20982
20983
308893
20984
20985
20986
20987
20988
20989
20990
20991
20992
20993
20994
20995
20996
20997
20998
21000
21001
21002
21003
21004
21005
21006
21007
21009
21010
21011
21012
21013
21014
21015
21016
21017
21018
21019
21020
21021
21022
21023
21024
21025
21026
21027
21028
21029
21030
21031
3861
21032
21033
3862
21034
3863
3864
3865
21035
3866
3867
21036
3868
21037
3869
21038
21039
21040
3870
21041
21042
3871
3872
21043
21044
18698
3873
21045
3874
21046
3875
21047
21048
21049
21050
21051
21052
21053
21054
21055
3876
3877
21057
3878
21058
21059
21060
3879
3880
21061
21062
21063
21064
21065
21066
21067
21068
3881
3882
21069
21070
21071
21072
3883
21073
3884
21074
3885
3886
21075
21076
21077
21078
3887
3888
21079
21080
3889
21081
3890
3891
21082
21083
21084
21085
3892
21086
21087
21088
21089
3893
3894
21090
21091
21092
21093
3895
21094
21095
21096
21097
21098
3896
21099
21100
21101
21102
3897
3898
21103
19345
21104
21105
21106
21107
21108
3899
3900
3901
21109
3902
21110
3903
21111
21112
3904
21113
3905
3906
21114
21115
21116
21117
21118
3907
21119
3908
21120
3909
21121
21122
21123
3910
3911
21124
3912
21125
21126
21127
21128
21129
3913
21130
3914
21131
21132
21133
21134
21135
21136
21137
21138
21139
21140
21141
21142
21143
21144
21145
21146
21147
21148
21149
21150
21151
21153
21155
21156
21157
21158
21159
21160
21161
21162
21163
21164
21165
21167
21168
21169
21171
21173
21174
21175
21176
21177
21178
3915
21180
3916
3917
3918
3919
21181
21182
21183
21184
21185
3920
21186
21187
21188
21152
21189
21190
21191
21192
21193
21194
21195
3921
21196
3922
3923
21197
21198
21199
21200
21201
3924
21202
21203
21204
13991
21205
21206
21207
21208
21209
21210
21211
21212
3925
21213
21214
3926
21215
21216
3927
21217
21218
21219
3928
21220
21221
21222
21223
21225
21226
21227
21228
21229
3929
21230
3930
3931
3932
21231
3933
21232
21233
21234
3934
21235
21236
3935
21237
21238
3936
21239
21240
3937
3938
21241
21242
21243
21244
21245
21246
21247
21248
21249
21250
21251
21252
21253
21254
21255
21256
21257
21258
21259
21260
21261
21262
21263
21264
21265
21266
21267
21268
21269
21270
21271
21272
21273
21274
21275
21276
21277
21278
21279
21280
21281
21282
21283
3939
21284
21285
21286
21287
21288
21289
21290
3940
21291
3941
21292
21293
21294
21295
21296
21297
21298
21299
21300
21301
3942
21302
21303
21304
21305
21306
21307
21308
21309
21310
3943
21311
3944
21312
21314
3945
21315
21316
21317
21318
21319
21320
20008
21321
21322
21323
21324
21325
21326
21327
21328
3946
21329
21330
21331
21332
21333
3947
21334
3948
3949
21335
3950
21336
21337
21338
21339
21340
21341
21342
21343
21344
21345
21346
21347
21348
21349
21350
21351
21352
21353
21354
21355
21356
21357
21358
21360
21361
21362
21363
21365
21366
21367
21368
21369
21370
21371
21372
21374
21375
21377
21378
21379
3951
3952
3953
21381
21382
21384
21385
3954
21386
3955
21387
21388
21389
21390
21391
21392
21393
21394
21395
21396
21397
21399
21401
21402
21403
21404
21405
21406
21407
21409
21400
18499
3956
21410
21411
21412
21413
21414
21415
21416
21417
21418
21419
21420
21421
21422
21423
21424
21425
21426
21427
21428
21429
21430
21431
21432
21433
3957
3958
3959
3960
21439
21440
21441
21442
21443
3967
21453
3969
3971
3972
3974
3975
43909
3976
3977
3979
30979
3980
3981
3982
3983
3984
3985
3986
3987
3988
3989
3990
3991
3993
3994
316165
3995
3996
3997
3998
3999
30054
4000
4001
4002
4003
4004
4005
4006
300859
30367
29760
4007
4044
308328
4008
4009
4010
4011
4012
29967
4013
38691
4015
4017
29412
4018
30083
43279
4019
4020
4021
4022
4023
43245
30168
43237
4024
315993
4035
4025
43294
4027
4029
4031
4032
4033
4034
4036
4037
4038
4039
4040
316427
4041
4042
4043
4045
4046
4047
4048
4049
4050
28771
28777
4054
4055
4056
4058
4059
4060
4061
4062
4063
4064
4065
4066
4067
4068
4069
4070
4071
4072
4073
4074
4075
4076
4077
4078
28792
4080
4081
4082
4083
4084
4086
28798
28799
4089
4092
28801
4093
4095
4097
28816
28821
28831
4101
28842
4102
339753
28856
4104
4105
4106
4107
28865
28877
28888
4110
4111
4112
28889
4113
28890
4114
28893
4115
4117
4120
4121
28914
4123
4124
4125
4126
4127
4128
4130
4131
4132
4133
28927
4135
4136
4137
4138
4139
4140
4141
28929
4142
4144
4145
4146
4147
4148
28931
4149
4150
4151
4152
4153
4154
4155
4156
4157
4158
4159
4160
4161
4162
4163
28936
4164
4165
4166
28945
28951
4168
4169
4170
4171
4172
4173
4174
4175
4176
28962
4177
4178
4179
4180
4181
28968
4182
28970
4183
4184
28971
28972
4185
28975
4187
4188
4189
28976
28977
4190
4191
28981
4192
4193
4195
4197
28983
4198
4199
4200
28986
4201
4202
4203
4204
4205
4206
4207
4208
4209
4211
4212
4213
4214
4215
4216
4217
4218
4219
4220
4221
4222
4223
4224
4225
4226
4227
4228
4229
4230
4231
4232
29001
4233
4234
4235
4236
4237
4238
29002
4239
4240
4241
316329
4242
4243
4244
4245
4246
4247
29021
29026
3141
4248
4249
4250
4251
4252
4253
4254
4255
4256
4257
4258
4259
4260
4261
4262
4263
4264
4265
4266
4267
4268
4269
4270
4271
4272
4273
4274
4275
30243
4276
4277
4278
4279
4280
4281
4282
4283
4284
4286
4287
4288
4289
4290
4291
4292
4293
4294
4295
29691
4296
4297
43982
43033
4298
31817
43036
4299
30029
46653
30009
4300
4302
4303
4304
4305
4306
30455
30488
30454
318138
317407
29414
4307
316448
4308
4309
4310
4311
4312
4313
4314
4315
4316
4317
298716
4318
4319
4320
4321
4322
4323
4324
4325
4326
4327
29418
29419
29422
4328
4329
4330
4331
4332
4333
29424
4334
518398
29425
4335
4336
4337
29430
29432
44003
4338
4339
4340
4341
4342
4343
4344
4345
4346
4347
4348
4349
4350
319115
29443
4352
4353
4354
4355
4356
4357
4358
4359
4360
4361
4362
4363
4364
4365
29438
4366
4367
4368
316455
4369
4370
4371
4372
4373
4374
4375
4376
4377
4378
4379
4380
4381
4382
4383
4384
308672
29648
30071
29721
29766
44770
4386
4387
30174
44771
44903
44772
4388
4389
30523
29722
29696
29714
29728
29731
29778
29773
29784
30127
29786
4393
29785
4394
29836
29855
29881
29940
29960
29952
4395
29965
29961
4396
29989
29993
29995
29994
30046
4397
30030
30049
30035
30048
30033
4398
4399
30052
30076
4400
30074
30145
4401
30137
30161
30165
4402
4403
30194
30212
30276
4404
4405
30290
30296
30073
4406
30274
4407
4408
30270
30319
30318
30350
316164
30435
30437
30420
30421
30425
30443
30440
30447
30398
30458
4409
30487
30461
30490
30513
30512
30537
30545
4410
30524
30539
30544
30572
30581
30580
30576
30584
3278
21594
3279
4411
316589
4412
4413
4414
4415
4417
4418
29947
4419
30028
4420
4421
4422
4423
316582
4424
4425
4426
316584
316592
316586
4427
28135
4428
28137
28136
29456
29458
29459
29468
29473
29475
4429
21633
4430
4431
4435
4432
4433
4434
4436
4437
4439
4440
4441
4442
315898
29486
4443
4444
4445
4446
4447
4448
4449
4450
29858
30066
4451
4452
29489
4453
4454
30147
4455
4456
4457
4458
4459
4460
4461
4462
4463
4464
29493
4465
4466
29705
4467
30500
4468
4469
4470
5667
5668
5669
5670
4471
4472
4473
4474
315901
4475
4476
300163
4477
4478
4479
324128
4480
4481
4482
309711
4483
4484
4485
4486
4487
4488
29494
4489
29495
4490
4491
29496
29497
29498
30327
4492
29500
4493
4494
4495
4497
4498
29505
29507
29508
29510
4500
29511
29513
4501
4502
4503
46492
29519
4504
4505
29520
29522
4496
29524
29525
300136
4506
4507
29527
29528
29530
4508
4509
4510
4511
4512
4513
4514
4515
4516
4517
4518
4519
4520
4521
4522
4523
4524
4525
4526
4527
4528
4529
4530
4531
4532
4533
4534
4535
4537
4538
4539
4540
4541
4542
4543
4544
4545
29981
4546
4547
4548
4549
4550
4551
4552
4553
4554
4555
4556
4557
4558
4559
4560
4561
4562
44790
4563
4564
4565
4566
4567
44487
4568
4569
317457
43764
4570
4571
4677
4572
4573
4574
340305
1650
4610
301358
1651
4612
4613
320360
308327
308323
4615
308320
4616
4617
317756
30044
4618
4619
316354
314805
4620
30103
317682
4621
30432
4622
4623
4624
4626
4627
4628
4629
4631
4632
4633
4634
4635
4636
4637
4638
4639
4640
21948
4643
4644
4645
32170
4646
4647
4648
4649
4660
4661
4663
4664
4666
4680
4681
4683
4874
4882
313720
4688
4690
4691
4692
4693
4694
4697
4698
4699
4700
4701
4702
4703
4704
4705
4706
4707
4708
4709
4710
4711
31554
4713
4714
4716
4717
4718
4719
4721
4722
4723
4724
4725
4726
4727
4728
4729
4730
4731
4732
4733
4735
4736
4737
4738
4739
4741
4742
4745
4746
4747
4748
4749
4750
4751
4869
4752
4754
4755
4757
4758
4760
4761
4762
4763
4764
4765
4766
4767
4768
4769
4770
316239
4774
4776
22213
22228
22262
22289
22304
5327
5332
5333
4786
4787
4788
4789
4790
4791
31940
4792
4793
4795
4796
4797
4798
4800
4802
4803
4804
4805
4806
4807
4808
4809
4810
4811
4812
4813
4814
4815
4816
4817
4820
4821
22406
22413
4822
4823
4824
4825
22500
4826
4827
4828
4829
4831
4832
4833
4834
4835
4837
4838
4839
4840
4841
4843
4846
4847
4849
4850
4851
4854
4855
4856
4858
4859
4860
4861
4862
46098
46099
308285
319370
515722
32690
4925
4926
4927
4928
4931
4932
4933
4934
4935
4939
4940
4941
4942
4943
4944
4945
4946
4947
4949
4951
4953
4954
4956
22749
22767
4957
4958
4959
4960
4961
4962
4963
4964
32192
4972
4973
4974
23069
45159
299505
299528
430394
4975
23304
41541
41542
44320
44875
44876
44878
44881
44889
44891
44893
46502
301829
308241
308253
352332
4976
4977
4978
4979
4980
4981
4983
4985
4987
4988
4989
4990
4991
4993
4994
4995
4997
5000
5001
5002
5003
5004
5005
5006
5008
5009
23322
23337
23340
23343
23368
23370
23372
45519
5010
5011
5012
5013
5014
5015
5016
5017
5018
5019
5020
5021
23402
23407
23415
321157
11
5023
44672
5024
5025
29672
29682
44670
44678
29767
5026
5027
44804
5028
29873
44806
5029
5030
5031
5032
5033
5034
5035
308785
44673
44671
30001
5036
5037
30043
5038
30124
5039
5040
5041
30192
5042
5043
5044
5045
5046
30214
5047
5048
5049
5050
5051
30358
32077
5052
30320
5053
5054
30477
5055
5056
5057
5058
5059
5060
5061
5062
30557
5063
5064
5065
5066
5067
5068
30549
35371
5069
5070
5071
5072
5073
5074
5075
5077
5078
5079
5080
5757
5760
5082
5083
5084
5085
5086
5087
5088
5089
5090
5091
5092
5093
5094
5095
5097
5098
5099
5100
5101
5102
5103
5104
5105
5106
5107
5108
5109
5110
5111
5112
5113
5114
5115
5116
5117
5118
5119
5121
5122
5124
5125
5126
5127
5128
5129
5130
5131
5132
5133
5134
5135
5136
5137
5138
5139
5141
5142
5143
5144
5145
5146
5147
5148
5149
5150
5151
5152
5153
5154
5155
5156
5157
5158
5159
5160
5161
5162
5163
5164
5165
5166
5167
5168
5169
5170
5171
5172
5173
5174
5175
5176
35276
5178
5179
5180
5182
5183
5184
5185
5186
5187
5188
5189
5190
5191
5192
5193
5194
5195
5196
5197
5198
5199
5200
5201
5202
5203
5204
5205
5206
5207
5208
5209
5210
5211
5212
5213
5214
5215
5217
5219
5220
5221
5222
5223
5224
5226
5227
5229
5230
5231
5232
5233
5234
5235
5236
300320
5237
5238
5239
5241
5242
5244
5245
5247
5248
5249
5250
5251
5252
5253
333692
5254
5255
5257
5258
5259
5260
5262
5263
5264
5265
5268
5269
5270
5271
5272
5273
5274
5275
5276
5277
5278
5279
5280
5283
5285
5286
5287
5288
5289
5290
5291
5292
5293
5294
311028
5295
5296
5297
5298
5299
5300
5301
6341
6344
5302
5303
5304
5305
5306
5307
341073
5308
5309
5310
44686
5311
5312
5313
5315
5316
5317
5318
5319
5320
5321
24056
5336
5337
5338
5339
5340
5342
5343
5344
5345
5346
5347
5348
5349
5350
5351
5352
5353
5354
5355
5356
5357
5358
5359
5360
5361
5362
5363
5364
5365
5366
5367
5368
5369
5370
5372
5373
5374
5375
5376
5377
5378
5379
5380
5381
5382
5383
5385
5371
5386
5387
5388
5390
5391
5417
5392
5393
24199
5394
5395
5396
5397
5398
5399
24205
5400
5401
5402
5403
5404
5405
5406
5407
5408
5384
5409
5410
5411
5412
5413
5414
24910
5415
5416
5389
5418
5419
5420
5421
5422
5423
5424
5425
5429
5430
5431
5432
5433
5434
308633
337382
326000
326019
348303
5441
5442
5443
5444
5446
5447
5448
5449
5450
5451
5452
5453
5454
5455
5456
5457
5458
5487
5488
5489
5490
41846
41847
44712
316345
5493
5494
5495
317209
298559
314017
314020
314850
317213
317216
320315
326794
326841
5499
5500
5501
5502
5503
5506
5650
5509
5510
5511
5512
5513
5514
5515
5516
5517
5518
32487
5519
5520
5521
5522
5523
5524
5525
5526
5527
5528
5529
5530
5531
5532
5533
5534
5535
5536
5537
5538
5539
5540
5541
5542
5543
5544
5545
5546
5547
5548
5549
5550
5551
5552
5553
5554
5555
5556
5557
5558
5559
5560
5561
5562
5563
5564
5565
5566
5567
5568
5569
5570
5571
5572
5573
5574
5575
5576
5577
5578
5579
5580
5581
5582
5583
5584
5585
5586
5587
5588
5589
5590
5591
5592
5593
5594
5595
5596
5597
5598
5599
5600
5601
5602
5603
5604
5605
5606
5607
5608
5609
5610
5611
5612
5613
5614
5615
5616
5617
5618
5619
5620
5621
5622
5623
5624
5625
5626
5627
5628
5629
3798
3799
3800
3801
3802
3803
3804
3806
3807
3810
3811
3813
3814
3817
3819
3821
3823
3824
3827
3830
3835
3836
5630
5631
5632
5633
5634
5636
5637
5638
5639
5640
5641
5642
5643
5644
5645
5646
5647
5648
5649
5651
5652
5653
5654
5655
5656
5657
5658
5659
5660
5661
5662
5663
5664
5665
5666
313613
313619
315482
5671
5672
5673
5674
5675
5676
5677
5679
5680
5681
5682
5683
5684
5439
5686
5687
5688
32220
5689
5690
5691
5693
5696
5697
5698
5700
5702
5703
5704
5705
5707
5709
5710
5711
5712
313723
5717
5719
32226
5720
5721
5722
5723
5724
5726
5727
5728
5729
32230
5730
5731
5732
35178
5735
5736
5737
5739
5740
5741
5742
5743
5744
5745
5746
5747
5748
301357
42924
44346
44640
44650
44739
44866
44912
44926
46126
46237
46333
34986
20999
25
12
5764
5765
5766
5768
5769
5770
5771
5772
5773
5774
5775
5776
5777
5778
5779
5780
30377
30122
5781
5783
5786
5787
5788
5789
5790
5792
5794
5795
5796
5797
5799
5800
5801
5802
5803
5804
5805
5806
5807
5808
5809
5811
5812
5813
5815
5817
5819
5820
5821
5822
5823
5825
5826
5827
5828
5829
5830
5831
5832
5833
5834
5835
5836
5838
5839
5840
5842
5843
5846
5847
5848
5849
5850
5851
5852
5853
5854
5855
5856
5857
5858
5859
5860
5861
5862
5864
5865
255
5866
5867
5868
5869
5870
5871
5872
5873
5874
5875
5876
5877
5878
5879
5880
5881
5882
5883
5884
5885
5886
5887
5888
5889
5890
5891
5892
5893
5894
5895
5896
5897
5898
5899
5900
5901
5902
5904
5905
5906
5907
5908
5909
5910
5911
5912
5913
5914
5915
5916
5917
5918
5919
5920
5921
45646
5922
334199
5923
5924
5925
5926
5927
5928
5929
5930
5931
5932
5933
5934
5935
5936
5937
5938
5939
5940
5941
5942
5943
5944
5945
5946
5947
5948
5949
5950
5951
5952
5953
5954
5955
5956
5957
5958
5959
5960
5961
5962
5963
5964
5965
5967
5968
299169
5969
313262
5970
5971
5972
5973
5974
5975
5976
5977
5978
5979
5980
5981
5982
5983
5984
5985
5986
5987
5988
5989
42738
5990
5991
5992
5993
5995
5996
5997
5998
5999
6000
308204
24439
24470
24497
6001
6003
6005
6006
6007
6008
6009
6011
6012
6015
6016
6017
6018
6019
6020
6022
6023
6024
6025
6026
6027
30379
6029
6031
313732
39259
6038
6039
6040
6041
6042
6043
6045
6046
6048
6049
6050
145
148
152
156
185
30338
35737
42718
46509
299971
300948
325550
327325
6051
6053
6054
6055
6056
6058
6061
6062
6063
6064
6065
6066
6071
308273
6073
6074
6076
6078
6079
6080
6082
6083
6084
6085
6086
6087
6088
6090
6091
6092
6093
6095
6096
44904
44905
44909
44979
310722
310723
312390
312417
316383
223
315707
316299
6098
6099
6100
6101
6102
6104
6105
6106
6107
6108
6109
6110
6112
6114
6115
6117
6118
6119
6120
6121
6122
6123
6124
6126
6127
6128
6129
6130
6132
6133
6134
6138
6139
6140
6141
6142
6143
6145
6146
6148
6149
6151
6152
6154
6155
6157
6158
6159
6160
6161
6162
6163
6164
6168
6169
6170
6171
6172
6173
6175
6176
6177
6178
6179
6180
6182
6183
6184
6185
6186
6187
6188
6189
6190
6191
6192
6193
6194
6195
45622
293
366
308229
6198
6199
6201
6202
6205
6206
6208
6210
6213
6214
6215
6216
6217
6218
6219
6220
6221
6222
6223
6224
6225
6226
6227
6228
6229
6230
6231
6232
6233
6235
6236
6237
6238
6239
6240
6241
6242
6243
37406
37428
517
525449
6244
30868
39082
6245
6246
6247
32390
6248
6249
6255
6256
6258
6259
6261
6262
6266
6267
6268
6270
6271
6272
6273
6274
6282
6286
6287
6289
6292
6294
6297
6298
6299
6300
6301
6302
6304
6308
6309
6310
6312
6315
6321
6325
6326
6327
6328
6329
6334
6335
6336
6337
6356
41513
24732
24742
24758
24760
24772
24777
24785
24788
24796
6359
6360
6361
6362
24845
24886
24891
6363
6364
32249
6365
6366
6367
30852
302324
308758
339966
339970
354701
354707
354709
429713
429719
505238
507936
508430
6369
6370
6378
6379
6380
6381
6382
6383
6384
6385
6386
6387
6388
6389
24999
6402
6403
6404
6405
6406
6407
315916
25021
25022
25024
25052
25081
40554
6409
6410
6411
322383
6412
6413
6414
6415
25125
25142
25147
6416
25230
6421
6422
41868
6423
6424
6425
6426
6427
6428
6429
6430
6431
6432
6433
6434
6435
6436
6437
6438
6439
6440
6441
6442
6443
6444
6445
6446
6447
5751
6448
6449
316761
6450
6451
6452
6453
6454
6455
6456
6457
6458
6459
6460
6461
6462
6463
6464
6465
6466
6417
6419
6467
6468
6469
6470
6471
6472
6473
6474
6476
6477
6478
6479
6480
6481
6482
6483
6484
6485
6486
6487
6488
6489
6490
6491
6492
6495
6496
6497
6498
6499
6500
6501
6502
6503
6504
6505
6506
6507
6508
354740
6509
6510
5994
6511
6512
6513
6514
6515
6516
6517
6518
44865
6519
6520
6521
6522
45097
302255
310878
329459
18358
10802
349666
354717
16876
26370
26371
26372
26373
26374
26375
26376
26377
26378
26379
25251
25290
26380
26381
26382
26383
26384
26385
6377
26386
26387
26388
26389
26390
26391
26392
26393
26394
26395
26396
26397
34969
26398
26399
26400
26401
26402
26403
35174
26404
26405
26406
35104
26407
26408
26409
26410
26411
26412
326528
3285
3290
3299
25374
26431
26433
26434
26436
26437
26438
26439
26440
26441
26444
26445
26446
26447
26448
26449
26450
26451
26452
30180
26453
3301
26455
26456
26458
26459
26461
26462
26463
26464
26465
26466
26467
26468
26469
26470
4392
26471
4391
26472
309579
26473
26474
26475
26476
26477
26478
26489
26490
26491
26492
26494
26496
26497
26500
26501
26502
26504
26506
26507
26508
26509
26510
26511
26512
26513
26517
26519
26520
26523
26524
26525
26526
26527
26528
26529
26530
26531
26532
26533
26534
26535
28112
43192
3323
3331
26537
298454
26538
26540
26545
26546
26549
26550
26551
26552
26554
26555
26556
26557
26558
26562
26563
26564
26565
26566
26567
26568
26570
26571
26572
26573
26574
26576
26577
26578
26581
26583
26584
26586
26588
26589
26593
26594
26595
26596
28150
26597
26598
26599
26600
3341
3344
26603
35145
26605
26606
26607
26608
26609
26610
26611
26612
26613
35141
26615
44630
26616
26617
26618
26620
26621
26622
32591
26623
26624
26625
26627
26628
26629
26630
26631
26633
26634
26635
26636
26637
26638
26639
26640
26641
26642
26643
26644
28118
32595
26645
26646
26647
26648
32597
26649
26650
26651
26652
32598
26653
26654
26655
26656
26658
26659
26660
26661
26662
26663
26665
26666
26667
26668
26669
26670
26671
26672
26673
26674
26675
26676
26677
354573
26678
26679
26680
26681
26682
26683
26684
26685
26686
26687
26688
26689
26690
26691
26695
26696
26697
26700
26702
26704
26705
26708
26710
26712
26713
26715
26716
26717
26720
26721
26722
26723
26724
26725
26727
26728
26729
26730
26731
26732
26733
26734
26735
26736
26737
26739
26740
26741
26742
26743
26744
3270
26745
26746
26747
41419
26748
26749
26750
26751
26752
26753
26754
26772
26769
26803
26771
26774
26780
26833
42250
26755
26757
26758
26759
26760
26761
26762
26763
26764
26765
26766
26767
26768
26770
26773
26776
26777
26778
26779
26781
26782
26783
26784
26785
26786
26787
26788
26789
26790
26791
26792
26793
26794
26795
26796
26797
26798
26799
26800
26801
26756
26802
26804
26805
26806
26807
26808
26809
26810
26811
26812
26820
26813
26814
26815
26816
26817
26818
26819
3272
26821
26822
26857
26823
26824
26825
26826
26828
26829
26845
26830
26831
26832
26834
26835
26827
26836
26837
26838
26839
309577
26840
26841
26842
26843
26844
26846
26847
26848
26849
26850
26852
26853
26854
26855
26856
26858
41471
26859
26860
26861
26862
26863
26864
26865
26866
26867
26868
26869
26870
26871
26872
26873
26874
26875
26876
26877
26878
26879
26880
26881
26882
35281
25914
25917
25937
26883
26884
26885
26886
26887
26006
26035
26073
26094
4756
5733
41917
26237
26245
26282
26285
26290
26296
26316
26317
26323
38219
26888
27311
27312
38220
27313
27314
27315
27316
38221
27317
38222
29644
27319
27320
38223
27321
38224
27322
38225
38226
38227
27323
27324
26889
27325
38228
27326
27327
38229
27329
38230
27330
27331
27332
27333
27334
27335
26891
27336
26892
27337
27338
27339
26893
27340
38232
27341
27342
27343
38233
27344
27345
38234
38235
26894
27347
27348
27349
27351
26895
26896
27352
26897
27354
38236
38237
26899
26900
27355
27356
27357
38238
30680
27358
26901
38240
27359
27360
26902
27361
26903
38241
27363
26904
26905
38242
26906
27365
26907
38244
38245
27367
38246
27368
27369
27370
27371
27372
38247
27373
38248
27374
27375
27376
27377
27378
27379
26908
27380
26909
27381
26910
27382
38249
27383
26911
27384
27385
27386
26912
38250
26913
26914
38251
27388
38252
27389
27390
27391
29711
26915
26916
27392
26917
27393
27394
26919
27396
38253
27397
26920
27398
38254
26921
27399
27400
27401
27402
27403
29715
26922
27405
27406
27407
27408
26923
38255
27409
26924
27410
27411
26925
26926
26927
26928
27413
27414
26929
26930
26931
27415
27416
27417
26918
26932
26933
26934
38257
26935
38258
27419
38259
38260
26936
38261
38262
38263
26937
27422
27423
301431
27424
38264
38265
26938
27425
38266
27426
26939
27427
38267
26940
27429
38268
38269
27430
27431
27432
38270
27434
27435
38272
27436
27437
38273
38274
27438
38275
38276
26941
26942
26943
26944
26945
27440
26946
27442
27443
26947
38277
38278
27444
26948
38279
27445
27446
27447
26949
27448
27449
27450
26950
38280
26951
27451
38281
27452
38282
27454
38283
27132
27456
26952
38284
27457
38285
26953
26954
27459
38286
27460
27461
26955
27463
38287
38288
27464
38289
27465
27466
27467
38290
26956
26957
27468
27469
27470
38291
26958
26959
27472
38292
27473
27474
38293
38294
26960
32085
26961
27476
38295
27477
27478
27479
26962
27480
26963
38296
27481
38297
38298
38299
27482
27483
26964
38301
27484
38302
27485
27486
38303
38304
27487
38305
27488
38306
26965
27489
38307
27491
38308
27492
26966
27493
26967
27494
317168
27496
38309
38310
29808
27497
38311
38312
26968
27499
27500
38313
27501
27502
27503
38315
26969
26970
27504
26971
30909
29824
32722
38316
27506
38317
38318
27507
38319
38320
38321
27508
27509
27510
38322
38323
30924
27512
27513
26972
27514
27515
27516
38324
38325
26973
27517
38326
27518
32037
27520
27521
26974
27522
27523
27524
27525
27526
26975
38327
27527
27528
38328
27529
38329
27530
27531
27532
38330
27534
38332
27535
27536
38333
38334
26976
27537
38335
26979
27539
31021
27540
27541
38336
31005
29844
38337
30996
26980
27543
38338
27545
38339
27546
27547
27548
27550
38340
26981
38341
27551
27552
38342
27553
38343
38344
38345
27554
38346
27555
27556
26982
38347
38348
27558
26983
27559
27560
38350
26984
38351
38352
27561
27562
27563
38353
38354
38355
27565
27566
27568
26985
27569
27570
38356
26986
27573
38357
27575
27576
38358
38359
27577
27578
26987
27579
38360
27581
26988
26989
26990
31519
38361
27582
27583
27584
26991
26992
27585
27586
27587
27588
27589
27590
27591
38362
38363
26993
27592
38364
27593
26994
26995
38365
27594
26996
27596
27597
27598
27599
38366
38367
27600
27601
38368
27603
27604
38369
38370
27606
26997
27607
38372
26998
26999
27000
27608
38374
27609
38375
27610
27611
27001
27612
38376
27613
38377
27614
27002
27003
27615
38378
38379
38380
27616
38381
38382
38384
38385
27617
27004
27618
27619
27005
38386
27006
27621
27007
38387
38388
27622
27008
27623
27009
27624
38389
27010
27625
27626
38390
27627
27011
38391
38392
27628
38393
38394
27012
27629
27631
27632
27013
27633
27014
38395
38396
27634
27635
38397
28472
38398
27636
38399
27637
27638
27639
27640
27641
27643
27015
27644
27645
27016
27017
27018
27646
27647
27019
27648
27650
27651
27652
27653
27654
38400
27655
27020
38401
27657
27658
27659
38402
27660
38403
27661
27662
38404
27663
27664
38405
27665
27666
27667
38406
27668
27669
27021
38407
27671
27672
27673
38408
27674
27675
30022
27677
27022
38409
27680
38410
38411
27681
27682
27023
27683
27684
27024
38413
27685
31755
27687
27688
27689
38414
27690
27691
27025
38415
27692
38416
27694
27695
38417
27696
27697
38418
27026
27698
27699
27027
27028
38419
27701
27029
313808
38420
27702
38421
27703
27704
38422
27705
38423
38424
27706
27707
27708
38425
27710
27712
27713
38426
27030
27715
38427
27031
27032
38428
27033
27716
38429
38430
27717
38431
27718
27719
27720
27721
27722
27034
31858
27723
31820
31800
27035
27725
38434
38435
27727
27728
27036
27731
27880
27732
27733
38436
38437
38438
32729
31840
27734
38439
31859
27736
38440
38441
27737
27037
27038
38442
38443
27738
27739
27039
38444
27040
27041
27741
38445
27742
38446
27743
38447
27744
38448
38449
38450
27746
27747
27042
32503
38451
27749
31993
38452
38453
38454
27750
27043
27044
27045
27751
27753
27046
38455
38456
27754
27755
27756
27757
27758
27047
27759
27760
38457
27048
31942
27761
27762
38459
38460
38461
27763
38462
27049
38463
38464
38465
27764
27050
27765
27051
27766
38466
27052
27053
38467
27767
38468
27768
27054
27055
38469
27056
31551
27769
27770
38470
27057
27771
27058
27772
38471
27059
27774
27060
27775
27776
27777
38472
27778
31909
38473
27061
38474
38475
38476
27062
27780
38477
38478
27784
38479
38480
38481
27786
27063
38483
27064
27065
27066
27787
27788
27067
38484
38485
27068
27069
27070
27789
27790
38487
27791
38488
38489
38490
27792
27793
38491
27071
27795
27796
27072
31890
27798
27799
27073
38492
31943
38493
27074
27803
38494
27804
27805
27075
27806
38495
27808
38496
27809
27810
38497
27077
27078
38498
27812
27813
27814
31970
27815
31925
38499
31974
27079
38500
27816
27817
38501
38502
27818
27819
38503
27821
38504
27825
27826
27080
27827
38505
38506
27828
38507
38508
27829
27830
27831
27832
27833
27081
27082
27834
27835
27836
38510
27837
38511
27838
27083
38512
27084
27839
32007
38513
27840
38514
38515
38516
27841
27842
38517
27843
38518
27844
38519
27846
27847
26898
38520
27848
27085
27849
38521
27086
27850
27087
27851
27852
27853
27088
27854
38522
38523
38524
27855
27089
38525
27856
27857
38526
38527
27090
38528
27858
27859
27091
27860
38529
38530
30484
38531
27862
27092
301307
27863
27864
38532
27865
27093
27866
27867
38533
27868
27869
38534
27094
27870
38535
27871
27095
27872
38537
32087
38538
27874
38539
38540
38541
27096
27097
27875
27098
27876
38542
27099
27100
27877
27878
27879
27101
32173
38544
27102
27103
27881
27882
38545
27104
27883
27884
27105
38546
27886
27106
27107
38547
27108
27887
38548
27888
27109
27110
27111
27112
27890
27891
38549
27113
38550
27892
38551
27114
27115
38552
27893
27894
27895
27896
27116
27897
27117
27118
27119
38553
30287
27900
38554
30248
27120
38556
38557
27902
38558
27121
27122
311250
27903
27904
30310
27905
27906
27123
27124
27907
38559
27908
27909
27910
38560
45165
27912
27913
38561
38562
317144
27914
27915
27917
27918
38563
27919
27125
38564
32732
27921
27922
38566
27923
27126
27127
27924
27925
27926
27927
38567
27128
38568
38569
27928
38570
27929
27930
38571
27932
27933
27129
27934
38572
38573
27936
27937
27938
38574
27939
38575
38576
32018
38577
27130
38578
27131
27133
27134
27942
27943
27135
27945
27946
27947
27949
38579
27136
27950
27951
27952
32292
27137
27177
38580
27138
27954
38581
32252
27955
27956
38582
38583
38584
27139
38585
27957
38586
27140
27141
27958
27142
38587
27143
27959
27960
27961
27962
27963
38588
27144
27964
27965
27145
27146
27966
32733
27967
27968
27969
27147
38589
38590
27971
38591
27972
27148
27149
27150
38592
27973
38593
38594
27974
38595
32421
27975
27977
27978
27979
27980
38597
38598
38599
27981
27982
38600
27151
27152
27153
38601
27983
38602
27984
27985
27154
38603
38604
32735
38605
27988
27155
27989
27991
27992
38607
27994
32457
30471
27995
38609
27996
27997
27156
38611
27157
32491
38613
27158
27159
38614
27998
27999
38615
28000
27160
38616
38617
38618
28001
28002
28003
28004
27161
38619
27162
28005
28006
28007
38620
28009
38621
38622
27163
28010
28011
28012
28013
28014
28015
28017
28018
38623
38624
28019
28020
30507
38625
38626
38627
38628
28022
38629
28023
28024
38630
28025
38631
38632
32738
28026
32657
28028
28029
28030
28032
28033
27164
28034
27165
28035
27166
28036
27167
38633
38634
38635
27168
38636
28037
29794
28038
28040
28041
38637
28042
28043
28044
38638
38639
44626
27169
38640
27170
28046
38641
28047
38642
38643
38644
28049
27171
27172
28052
27173
28053
28054
38645
38646
27174
38647
27175
38648
38649
27176
30566
28056
28058
28059
38651
28060
38652
38653
28061
28062
28064
28065
28066
38654
28068
38655
38656
28069
38657
38658
38659
38661
28071
27178
28072
38663
38664
28073
38665
27179
28075
28076
27180
28077
28078
27181
28079
28080
28081
350202
32686
27182
28083
38666
28084
27183
27184
38667
38668
28085
28087
32728
28090
38669
38670
38671
28092
38672
38673
38674
38675
28093
32708
27185
27186
38676
38677
28094
38678
28095
38679
38680
38681
28096
27187
28099
41149
299598
41222
41844
299614
310576
310578
310582
310585
312261
312691
330312
330555
27188
330820
32006
300513
27189
27190
27191
27192
308728
27193
27194
27195
27196
27197
27198
27199
27200
27201
27202
27203
27204
27205
27206
27207
27208
335326
27209
27210
27211
27212
27213
27214
27215
27216
27217
27218
27219
27220
27221
27222
27223
27225
27226
32713
27227
27228
27229
31867
27230
27231
27234
27235
27236
27237
27238
27239
27240
27241
27242
27243
27244
