80
2500
2300
4517
40
1450
1700
6000
3900
3200
74
4090
2600
125
1155
3300
2700
1600
2100
25
100
2949
2400
1900
2650
50
2350
2695
42
2200
500
3100
2900
85
48
1800
1200
2429
1300
1500
3400
1105
1000
1440
1475
1176
55
210
2517
20
60
70
2000
110
3000
65
2560
2575
2894
416
45
3365
2460
32
3500
5000
10000
37
54
2750
600
30
2640
4800
2580
2433
700
36
28
4360
4400
4500
2670
2485
3443
1100
1020
1650
1950
24
1897
2553
2150
4247
3600
4050
4000
1320
117
1990
1955
2375
3800
1940
12
2950
130
2926
675
925
1130
2115
90
150
3250
2800
825
8000
2620
2382
2310
1372
400
3700
91
78
3240
5200
46
4645
7745
2751
4100
1250
95
2450
1270
120
900
3210
1235
75
2319
2940
2075
3950
6160
3280
15000
7003
200
300
16000
1750
39
15
2811
2256
2965
2480
3129
1680
2845
2997
3186
2220
2244
67
1860
2904
13500
526
595
53
2850
1935
4700
2584
3390
4138
2190
11088
2140
3725
2635
1400
550
1029
2129
2015
22
135
2649
4018
1863
1765
2815
4200
2340
1220
96
2539
2541
1050
1550
49
11
10
1730
3980
2831
86
2482
2250
956
3720
3360
2040
113
58
152
66
2345
3270
1975
35
2830
1045
2680
2941
145
1280
6507
3150
1460
800
2308
2024
2440
2415
2915
1575
2295
1675
6100
750
2030
2143
2230
650
1530
79
5500
11000
1685
18
240
2780
2533
2048
51
305
4210
7500
1360
15840
2702
2990
2370
2590
1277
1515
2550
1272
2490
1726
16
1742
5100
5992
6291
7000
910
1260
2283
4950
2875
9500
2364
43
38
1055
61
56
27
26
3380
3407
3248
2405
64
2144
1482
1238
3850
5875
2465
2530
4220
44
1257
1769
2225
180
3133
2790
2463
2721
25000
1350
1930
320
1852
1780
1640
3575
3678
1030
3350
2104
1292
1053
980
850
2475
1924
33
3840
880
2330
4300
2240
52
2020
2120
4553
1140
2318
6044
2095
71
2292
3513
2410
250
2540
835
2035
2842
2280
1880
1915
2420
225
1524
4990
5600
3640
7550
2725
1920
1520
2170
2285
6295
1651
4037
2080
2935
2242
2755
88
2688
2520
5093
3430
19
47
2470
13000
2275
3170
3770
1160
950
2305
2130
146
57
14
5400
84
3780
350
92
2303
2315
1060
2776
6200
3865
2630
5250
2268
3744
3040
2885
62
1801
2390
2160
2891
1240
82
2423
4600
2507
4744
31
4140
1370
1961
2380
2466
132
1150
23
6300
1095
2636
1480
2270
3134
1735
1570
9000
2237
2970
2165
1968
3050
1885
2064
1761
2265
3650
2491
2435
1329
5300
2890
1960
450
425
475
2710
2428
1898
2676
1970
2483
2060
3070
685
1165
1573
360
1422
2010
2260
1828
1850
10560
6580
3230
2050
2112
2525
83
1180
310
3488
2720
3221
4900
8
2606
2188
1725
2740
2210
860
1446
4575
3415
2394
126
2141
2543
112
2863
1717
2634
4225
1478
6500
3009
2029
2820
1980
2973
1275
1620
2155
3906
2027
1957
2506
2272
1836
2473
1578
2175
895
34
2251
10280
2058
1840
3049
1485
2086
1843
118
2631
3988
1925
2505
197
5480
4480
2105
3203
2809
230
2785
5002
104
2088
3175
2070
2113
2870
3335
68
330
2667
2861
72
5800
2085
1760
2684
220
2797
2320
2528
2510
2930
3060
460
2034
1830
1590
2218
5280
3030
94
1987
2090
175
1325
4185
2843
540
2701
2001
98
2496
2978
2588
2413
2055
2335
1560
2114
1001
2730
1540
2960
1876
4250
1985
41
2508
1304
1956
4270
2424
4060
1337
115
5921
4548
2325
1410
170
1866
1890
2770
2995
7400
1835
3585
1875
2625
2579
1722
8560
5350
3608
69
106
1230
2975
3055
1461
2690
4278
4258
87
3450
2248
2648
4190
2067
2745
2534
1740
480
2425
3550
3516
1625
1190
1810
2509
1375
2704
1080
2669
1953
4790
3086
2243
3140
2703
1633
59
2760
2643
2568
1569
605
1848
1995
2570
1330
1775
2614
1932
4150
2644
2564
2051
4002
1423
2215
2180
2045
2430
1738
960
2546
897
4010
1965
2903
160
1855
2844
1808
2777
3033
2910
1580
4280
1820
2660
2025
2765
3675
2805
2609
2236
1804
3142
21
1988
775
1276
3058
5433
2917
3110
6600
105
1872
2860
2253
2157
14500
2722
2573
4330
3452
2201
3199
424
2602
2033
3366
1121
3258
3292
2065
2664
1846
3260
4077
1986
2152
3405
3298
3750
3860
4650
1415
2909
7335
2854
2205
205
2610
2384
3530
3165
2873
4031
81
2551
2912
2859
63
4017
4030
3660
2769
1778
2687
2537
2980
1883
2607
2186
3960
2360
2697
2665
3440
1115
2125
17
1887
101
1976
2254
1225
958
2344
2552
107
1849
1182
2206
3375
4608
3010
3180
1933
1895
1802
3930
2565
3340
5575
190
3106
1445
2880
2162
2407
405
2585
2356
4316
3569
3003
2211
1490
2290
2187
13300
2583
14000
1645
1495
1092
3578
3068
3090
988
2675
3410
633
2833
4395
3168
2298
2511
2604
215
1481
2529
3663
2576
3470
1534
4490
2605
1870
2596
1825
3460
3565
2849
1517
3893
2102
2016
3275
3204
7200
1314
2228
3670
2538
138
2645
1420
1476
3722
525
4565
1392
1070
2523
2653
1004
1949
4033
1125
1790
3160
2467
3630
155
1834
3080
4409
4080
5180
2235
1123
1710
2194
1635
1340
1025
2679
114
325
2042
2764
1745
780
1665
2471
1568
2455
4390
4226
5637
3112
6750
610
1845
465
2822
1593
1584
2825
1488
12000
3020
1535
2386
1770
2013
2223
2273
830
3468
5440
5086
3455
2840
3370
2554
2599
2512
2682
1205
1425
2431
2655
2481
1910
2641
4086
4752
127
1385
2046
3190
365
1345
6395
4191
4170
2255
1347
1913
4725
3007
2007
3730
4397
2801
4564
4049
128
385
1421
5488
3322
2459
3255
2712
1690
3108
206
1007
99
4450
4642
3701
1912
2419
3480
2615
1158
3445
5150
375
2977
3798
4055
6080
140
3588
1720
2719
2261
6400
1668
2182
4165
1744
2526
5129
1747
3710
3102
1202
1430
1470
2072
2592
3376
29
2306
6022
6015
2203
2642
290
2943
2555
690
2672
504
4145
1670
2347
2514
1619
1494
945
1785
1755
1546
2611
1856
1716
3330
2709
1015
10500
2331
3657
4640
1616
2936
4750
15800
1610
1285
2099
2284
3024
7800
6720
1295
1064
1443
1357
6800
1528
2178
2828
2008
1040
3820
1602
3401
1659
185
3018
3028
2788
2668
2659
2378
1358
1630
3408
3177
680
192
2276
1791
9100
1416
970
2984
329
1455
2493
2598
1336
3403
3044
2531
2618
3281
4230
3025
1104
1552
1969
2073
1501
2297
2164
5413
1854
7218
2461
4377
2999
4593
2871
2156
3002
2789
1821
1896
3477
2657
1936
11811
1806
1078
1555
1090
3120
3880
2612
3855
2002
2032
8398
7054
9927
9842
2736
3839
3937
2953
3215
3773
3609
3117
5741
2434
3182
2887
3425
1929
2362
3264
3740
4265
1381
2133
2756
2329
3314
3166
3934
3294
2621
5249
7431
1837
3858
3077
5085
3051
4199
2379
2231
4528
2264
3412
3478
1916
2762
2782
2454
2559
4921
4429
3661
2753
2388
656
2674
3012
1903
4806
2444
3871
3353
2838
2457
1686
2110
3379
3419
3970
2723
2247
1312
4954
6138
6562
3304
2946
0
5905
4111
5577
1739
3163
2841
4724
3996
1959
4101
2582
3274
3520
1093
89
2041
2608
2195
3084
5299
2442
2905
3494
2986
2089
3799
1683
3057
4933
2542
3559
4881
4401
2783
6890
4154
3582
4516
3247
12139
1542
7759
6985
5049
3015
2981
7874
5125
1982
1706
1509
1998
1532
3983
5546
5485
1404
1348
6644
1641
1585
1391
5397
5348
3691
1273
5592
2044
5174
3599
7185
4411
6136
5774
1499
1627
7999
2014
1224
3524
2396
9022
4625
1378
2021
1942
1952
1181
2159
1263
5197
4232
5643
1909
1529
1411
1844
1598
1594
2172
1558
5775
5052
5234
1394
2198
2448
1384
1299
1991
1493
1188
9843
6595
5193
5349
129
5120
3420
3075
9999
2920
1911
8193
6004
2772
9219
9997
3041
5266
10020
10056
6191
3648
3533
5141
4035
3271
3556
2578
3806
9974
2395
1549
4757
2028
3688
4707
3920
3543
3909
3282
3232
3289
3153
1296
1286
2116
3471
6726
4134
3251
5020
3527
4167
820
4925
3373
2132
3261
1926
3465
2623
2238
3278
4340
4160
102
804
2956
2624
3284
3610
1805
3904
5906
4373
9845
8202
7742
8114
2372
1380
2314
1756
2784
5001
4423
2899
2343
2521
1678
3246
1267
5378
3187
2998
3076
6505
2192
5384
1753
3238
3144
3501
1562
3220
3017
3945
2738
7549
4496
5018
3331
4520
2135
3952
4021
2191
4022
1352
3933
5676
3515
1660
3979
2355
7894
5024
4003
1728
3506
4129
3544
2914
2918
3004
3505
4737
3014
3097
2931
3542
4498
2952
3535
1418
2726
4512
4363
5066
5437
5251
3876
4560
3406
5036
4885
4425
2439
4285
7349
2868
5900
3760
3872
1057
3825
5240
6564
2108
5354
3665
1525
3510
3908
2732
6150
3625
3320
3078
1565
3522
2798
3119
1997
3001
1065
4850
3185
1516
4570
4920
4472
1462
2617
3832
4529
3308
4495
4004
2336
8858
16404
9186
8530
8235
12467
7169
2146
10499
11155
2837
3999
2207
3955
2348
5502
2258
3936
2810
8268
4420
162
5700
1918
1467
3745
4415
1815
2274
3085
2445
1591
3026
5528
5526
9300
2581
3989
4025
3712
5530
3792
3823
93
4489
1958
6529
3938
6350
1396
2006
3940
3676
9725
3935
3521
5692
8998
4999
4997
4434
6499
3201
2795
3423
6602
5012
10006
5513
4484
3990
6005
2208
2036
5006
3932
8005
4971
3998
10200
4499
4836
8605
5587
5004
4001
3810
4095
6010
7840
7700
4590
2474
2954
4103
3511
2087
4085
3507
2281
2694
3897
2996
6001
8900
4856
8326
7280
7503
6496
8852
4494
3902
2743
6411
8270
12600
3828
2654
4539
3045
3130
5003
2484
4886
3917
6012
3627
6299
5901
3449
5504
10001
7900
5013
7318
5297
8502
7070
5997
3734
6087
3769
9006
3555
2829
5050
5108
5460
3977
5377
3519
4903
2933
9600
5410
7485
5985
5998
9940
11500
7300
5021
8700
6002
5870
8300
6698
6909
3019
5628
11450
5373
7497
8800
5328
1798
9497
4474
12675
7002
4020
5027
9200
11046
9580
5028
7005
3590
11120
9697
11050
9088
3164
5561
2989
6552
5771
5033
1313
1526
1444
2313
1772
984
3396
3395
4260
2464
3775
4865
5606
5605
1036
3540
5293
3509
4006
3512
4695
1245
1471
2408
2495
5490
7794
6608
12737
7740
4248
6565
12700
7765
5833
6285
11483
11883
8216
10696
9498
10171
11780
9436
7513
9835
9834
9840
8793
9037
12245
4868
9469
12486
12477
139
4780
1824
2942
1691
1623
1311
1017
3345
1492
657
819
2076
1477
985
1149
1085
1771
6398
6269
10826
11165
5081
6612
6502
4227
5745
10827
6234
4983
8612
4266
9947
11842
9195
11154
7870
8040
7879
5582
7875
10169
10831
9846
9830
8997
12794
11153
9844
5160
5462
6570
6070
7053
4438
5988
9416
9678
9318
3975
7812
9514
3702
10581
9847
8450
21120
492
10085
8038
10158
9800
11936
10535
827
981
1469
10023
8197
8786
11105
7381
495
7677
12106
2057
2296
9777
3597
8528
2148
1967
2622
3323
1608
1368
7333
7562
3035
2802
7808
8210
2969
7522
4918
8149
13123
9350
7119
10663
12028
8067
12516
6112
1788
10974
9918
7966
6693
3497
4068
2017
5315
6893
2323
8629
6896
3805
3461
5095
4121
7152
5230
3325
2857
1773
1437
3346
2651
7729
2821
3116
1588
2317
2515
10026
5501
9677
3435
9787
4094
1335
5138
2019
2204
2638
5053
7546
2671
1989
4787
2018
2093
1217
846
1574
1673
5564
6955
1984
2707
4987
4980
6463
9930
9530
11417
2834
2066
8533
4396
10039
11286
9518
4929
8199
8212
6243
5584
3083
8205
2427
7713
2628
6528
3101
9849
4344
8727
951
2263
10971
9121
6204
4350
6460
10013
1794
1486
3592
1099
1624
1371
3218
4656
2693
2083
3878
1148
6591
1787
1607
4120
1749
2103
1305
10007
7519
2907
1919
2601
3534
9495
2691
6014
7828
5991
10538
2513
6278
4610
5984
4295
3005
3372
6006
3448
4245
6007
3704
4797
7580
1729
1082
4146
1096
1689
1397
1266
5787
954
1643
3031
7723
2812
6597
7093
1981
1571
2503
3809
2123
7451
6148
2713
5896
3179
1187
2402
5194
5597
3385
1339
5912
8402
10883
574
2241
2792
4948
4229
5909
4380
12799
12001
3363
3642
2562
2309
6089
4938
1246
9029
3458
4057
5522
2662
1847
1253
6132
7205
3438
1326
3318
7946
4189
6702
5751
2963
7642
7516
9491
4328
4207
4523
6018
5405
3291
3881
4685
1781
4914
4671
3399
1893
6407
853
8743
3622
8386
5730
5069
6250
9797
6024
4462
7582
4803
8491
9091
6066
6447
2293
6041
3169
1864
2077
3067
1807
10003
6332
3973
2411
5902
6168
6834
4393
8094
5092
3159
2054
3176
5981
4782
5911
9221
3593
5459
8999
7953
8255
1365
9994
6030
3596
3874
3890
3146
2786
5545
9003
4469
6096
7520
6158
5466
9012
9004
8990
9052
6020
4394
5994
4239
4419
5948
4088
6831
2354
5722
4193
6086
9140
8497
6627
11283
11329
9768
4922
6549
9081
4183
8045
10089
1639
9801
6558
3637
8006
9922
9931
8015
1279
4298
6998
4908
10203
8652
6798
1466
520
869
10495
3517
4701
3038
9111
8865
10172
8527
1545
2818
9816
9607
999
6053
5709
6568
5895
9863
9750
3301
3976
8707
8363
13130
7592
5486
8097
7165
11136
9810
6660
5790
9236
6722
4144
3674
6957
3061
2906
2346
7841
5321
6939
9809
2881
6922
9147
2982
2749
8904
3071
2759
3386
8012
7608
3104
4596
3707
3563
7848
9675
1117
194
8035
9369
3914
8214
3789
8366
5850
10787
4331
8164
9180
8176
8245
5512
8190
7876
8215
3837
8940
11565
2447
10498
6840
8200
6560
4163
2791
3852
1658
935
6372
7265
6135
6594
7648
6517
2558
10823
7228
4318
3560
2858
5696
2972
5610
7472
7428
6342
5972
1427
4919
5951
9442
6690
7267
2179
7419
6900
5579
5623
2884
6857
6607
8209
7551
4928
8201
8281
4034
10728
4951
2026
8468
10990
7316
10830
5472
7579
2853
6383
2787
7004
1948
5219
6187
3611
613
6381
6596
7449
7490
3949
2131
7552
5254
9278
3413
5342
8002
6892
4209
10009
8136
8003
6554
5573
7065
6777
8225
7936
9646
7388
2361
1262
4259
7480
10761
1605
8251
620
2326
5090
2332
5444
6063
5499
4823
6824
8396
7202
4301
10502
5581
5171
4040
3802
4483
3343
4026
6362
5617
4898
3923
2639
3963
13095
3694
5824
2658
5578
9996
13189
7680
7689
4935
6533
4413
15157
4041
5046
6059
3658
6926
10220
14495
5996
4491
5043
8400
7612
2696
4406
2387
4019
3728
5213
4665
2492
1818
6520
6589
3655
3614
4941
4659
5381
16076
3724
11001
6578
6480
4147
3148
5495
3437
5840
6102
9850
6585
6725
6247
17000
6425
3875
5446
6177
10860
7001
9647
10019
11056
4223
12003
6889
11032
8203
6519
3125
2163
5022
4046
3721
4698
4501
12998
8250
5574
4045
8211
4446
6330
8760
8237
3451
4153
4577
4236
3886
6468
10640
12190
4915
7283
3115
5112
9570
5841
5891
7555
5726
5285
5892
10105
5660
12008
7714
5135
1083
1214
1132
755
660
1247
591
722
919
1332
1210
4531
6025
5612
5785
15502
5663
3942
8766
7826
15091
7628
11614
4615
4291
7123
5735
11680
4930
7598
4705
3830
4828
5252
7122
5403
3948
11004
3297
15010
4864
5151
7223
6550
6626
9695
10623
6582
1433
5267
8340
5255
6923
4912
3924
1512
2126
1453
711
1377
2299
1795
2363
1243
1634
1033
4187
5627
4192
1252
1195
11598
10404
4693
1002
834
787
3958
6231
131
9547
6920
6420
9252
8180
8553
8861
12205
3687
10170
6035
7995
11302
10784
2835
4927
6573
4866
6230
5245
9876
9855
7961
7515
3873
7595
5118
5922
4905
6876
6561
2692
4440
9170
8791
8248
9072
7505
5940
7990
11825
8218
13582
10446
10335
7795
5770
8481
8646
9837
9864
6555
7835
5507
9925
10568
7847
9078
5750
9084
9047
6583
8805
9752
9712
8241
11480
9960
5140
9886
9857
9836
9882
9853
9054
11479
9905
7221
11156
13120
13124
10600
9125
11939
8166
13171
13168
9460
9473
10555
11253
7707
10108
11161
12421
467
570
11384
11531
232
13507
6195
3054
10991
4473
3616
4798
7998
3851
9193
11013
7491
5166
11975
11838
4275
11130
13729
6515
5855
7758
12480
7767
6963
12790
3324
7495
7051
11807
3302
6575
6643
12007
11732
11731
6214
11824
5596
11778
11815
8650
7220
4985
9910
6880
6516
9895
9865
3815
6918
4505
7050
5496
5725
4595
9020
9744
5010
5305
6194
8375
13186
9880
9829
9751
4535
6700
10925
5508
5797
11834
7410
10212
9915
580
10314
5055
1705
1577
2773
3580
2591
174
2626
2185
5594
2233
1315
1479
1601
1972
1886
1751
1407
1283
1632
1310
1505
2958
1274
2349
1463
1595
1719
1612
2139
10980
1170
1519
1405
1779
1877
1388
1374
1865
1319
1621
1642
8120
2227
2154
2892
1699
626
1882
1412
5783
4133
2398
4115
3736
5780
5958
4135
1708
2081
2039
319
11738
3276
720
4249
2138
2988
7250
4
754
886
1213
2166
1398
1316
1414
1674
640
328
725
770
164
184
2084
2432
4008
3503
3073
3404
2301
5798
3011
2876
3715
4107
4206
3818
3013
1792
2328
3589
2633
2577
5820
3603
3502
4781
3786
3197
3417
3196
3157
4460
4952
4326
4014
7140
3498
3174
5136
3154
3147
4137
4510
3895
5777
5009
3094
3256
3631
3172
3409
2877
3362
3607
3053
5058
2867
3006
1803
4579
4620
5040
5008
4830
3735
3062
4799
3446
4995
5399
3969
5540
2497
2337
3997
3393
5498
5999
4795
3299
3605
3225
2181
4099
6050
5950
3698
3195
4105
3217
1498
3749
5325
3984
3290
3635
3508
6898
2593
3063
2151
2619
3709
5070
3529
2768
3557
1978
1927
3495
3901
3991
5144
3829
3594
5017
3925
3598
4807
2145
3315
4515
6011
5326
4378
4754
4986
3207
4584
5044
4899
4302
5625
3202
3995
3156
3612
3464
4012
2947
3152
2925
3254
4299
3570
6604
6408
4896
3310
4092
3504
5035
5152
2446
4126
3183
4403
8500
5506
3827
4840
3074
3402
4303
3801
3188
4240
3198
3249
2271
3107
3184
4048
2079
4202
4802
3469
4902
3355
4335
3620
4524
4998
4525
2916
3814
4198
2209
3697
3242
4205
3456
4007
4502
2866
3069
5491
3870
3956
2437
3686
5336
3295
2814
6116
3368
5005
3027
4028
4173
3268
5047
4522
4069
4195
1636
695
4036
2167
4203
5412
2567
2229
3919
4015
4155
3671
6377
4365
5343
4751
5265
6101
7600
7198
13793
6901
6601
6021
3787
6303
4993
3398
6144
4005
3103
6203
6761
7225
9001
9755
9352
2153
7023
11010
6501
8001
7167
9202
6311
3911
4970
2595
2948
6497
5598
4337
6337
4171
7006
8101
8519
6526
4486
5425
13502
7901
3762
3492
4855
5235
7347
4540
5149
3994
3668
3634
5007
5931
5290
7997
4849
5031
6498
3602
3434
4058
5302
5796
4996
5199
11890
6301
5390
6895
5264
12248
4386
5364
7501
6003
5333
2685
3528
5099
4508
3436
11756
7299
3496
5352
4604
7395
6276
5781
5145
9510
6847
4677
4761
4551
5106
5109
3662
2498
6309
5217
8279
10857
9618
3089
3898
7100
11440
3364
2502
5602
13554
5566
7498
10518
8794
6264
7630
3601
5699
6598
5191
2399
4359
6198
4032
4632
5015
5231
4742
6543
6701
3723
6525
7703
11030
5119
9763
7861
10005
2557
10083
4601
8802
6803
4835
8320
3212
8102
7161
5801
6886
2477
5477
4634
4402
5599
9501
6143
11602
4067
5107
3654
1944
4161
2927
3127
3899
2803
3573
2005
8601
7601
7597
5048
3864
4602
2799
2536
8653
4822
4196
5949
11597
7082
4399
5872
4555
4476
5102
4870
3499
6724
7201
5404
4215
7096
9953
5159
6347
3245
7502
8676
6013
10125
8100
3817
5196
4708
7854
5839
6023
4858
4255
8600
6292
9023
4503
8269
13501
11022
10164
8679
6484
7696
6997
3795
7508
4897
6715
13503
1692
4901
5418
5652
5201
5156
5697
4550
7645
10701
5204
4875
4679
3974
4351
9267
6691
4201
3205
8417
4589
4112
2092
5618
7752
6147
10900
6327
4982
6107
4621
4649
6899
8496
6799
4197
9301
13401
13400
5760
4760
6532
8498
5669
7302
7227
8857
8311
6246
10152
5650
4647
5097
13643
5675
3738
9602
12903
7570
13125
9201
2443
5935
8501
8708
6650
7158
7311
5474
2357
4313
5509
8208
3987
7009
4422
3135
5698
5978
2922
4268
4110
2939
3048
5816
3685
6288
4704
5830
7094
4518
7219
2666
3757
4618
15024
4235
6201
4609
1715
2545
2177
4543
7214
3733
5590
12020
5493
9025
4814
3576
3467
3843
6630
8420
3680
4047
5601
2985
5228
8009
8021
6286
4487
4801
6506
4445
4304
1010
4670
5098
1861
3213
3705
3235
4221
9217
7712
4254
6402
4042
4573
5220
4319
6099
5883
2202
5639
12601
5101
5366
4977
4098
2527
5941
6999
6930
5703
6704
6406
7849
6548
12802
6492
4756
5516
6827
5505
7507
3981
5253
5185
2487
3677
4157
3121
1999
2708
5806
5708
7037
6802
5415
7850
5793
5803
4471
6302
5704
3109
11002
8198
7099
4293
3699
6109
10501
4691
4296
7019
3774
5301
5393
5376
4736
7172
4158
7504
4102
4657
9007
3043
9002
5755
6125
11758
6380
4482
4294
6357
9400
12501
8030
2689
6503
3305
3265
3646
3023
2729
3081
6045
3224
4652
4417
4740
4916
5461
4956
6758
13508
2532
5175
5387
4644
3803
4204
10575
12800
12131
4314
7398
11800
7602
5148
4451
4334
7257
8301
6161
4184
6451
11201
6509
6508
4252
3626
5205
5694
4224
5603
2951
3397
3811
4785
3433
6252
4408
3568
11501
5189
9402
6199
10301
7301
4051
6991
6826
5979
7012
7181
4603
3562
8016
3812
11200
7605
6655
7499
6068
4355
5529
5304
6474
1393
3421
3453
5034
5186
2501
10201
10401
1938
3953
5130
7339
6275
2804
7701
12079
14511
6962
3604
5749
3228
2937
7403
5011
5344
4125
3564
2381
4485
4391
6193
3065
5712
3910
6027
5930
5190
5420
6304
5550
7251
8988
9771
14515
10526
8599
8925
10285
12091
11096
4436
5721
7105
4974
5510
5286
11937
12102
3244
4957
5398
4309
7651
6192
3918
4267
4470
6118
4075
9010
2518
6848
8273
6224
5306
6110
2902
4519
5162
5260
3489
8649
12901
4272
6934
4357
3579
5928
8236
7830
3482
6069
8537
10123
10055
13440
4607
10012
9904
5128
5075
2699
5701
2715
2681
6511
5198
5489
5799
3387
3985
3992
5559
4627
4443
3613
3797
4024
3229
3227
3903
4504
4694
4605
8302
4895
4992
1434
4444
4753
5903
11421
10801
6449
12005
12004
4164
6446
6522
3859
6489
3753
4599
8946
9320
11802
6795
7120
3136
2796
3664
6040
11301
6850
9250
4743
9502
10506
9354
13197
2499
1669
3263
3266
5057
2806
3591
6817
9690
5868
3539
10181
4509
10002
5680
5624
4713
1992
3348
9017
4676
8521
3459
3306
5853
3719
3303
8036
5307
4218
7616
5846
9005
4612
11006
10104
6996
3481
3967
6016
1731
2449
3149
2862
4106
3307
4188
8013
9503
6849
6861
3309
3087
3695
2101
3838
12202
3941
5114
3113
11079
14005
8369
9742
9991
9011
6823
7976
7553
8188
8984
8399
6401
7137
2117
11102
11997
5296
8127
4279
13299
9239
6145
5710
4651
5320
4208
2391
2757
3155
3577
2199
5458
6213
6907
3862
11700
5401
8103
5195
3793
9802
3079
5089
7199
8153
4667
12198
5096
4846
4306
5849
3347
8075
11245
7967
9686
5332
4638
3424
6178
2994
5980
5178
5885
4747
4427
4072
4011
3096
5953
8170
9220
6450
6620
4310
8150
6290
6640
10750
6563
8850
9550
6360
7650
5303
5929
5547
3861
3913
4430
6095
4514
10004
9135
10008
6932
3383
3746
4341
3561
5954
6237
4884
6308
6695
4591
1617
4116
5103
10300
11489
5165
9730
9060
7150
6887
9708
6781
3739
5395
6512
12002
4418
4839
4109
2176
6205
5866
5687
7440
6009
4624
5711
7711
11321
8098
2451
3008
5908
3371
10496
4073
8308
8319
6081
3525
6614
3794
4213
3484
5122
4349
3351
1647
4455
6556
2851
8701
5408
5705
13497
4506
4492
5067
2901
7040
12350
4361
3099
5608
5223
4009
11820
4497
8351
8353
5382
5810
13001
7425
2504
3317
2458
4630
9033
6328
4404
5094
4212
2807
7008
4118
3252
3808
6305
4837
3491
5455
4059
3288
3095
3209
3819
5503
3836
3485
8342
6307
9401
8505
5519
9351
12370
6052
4179
5402
8412
4452
10650
4454
8579
10850
8249
7972
9426
11900
8350
8648
11870
10602
9009
7996
5039
6648
6202
7484
5322
5939
8049
13901
11550
2037
3034
4892
9596
5811
6510
12300
8598
2733
2566
4825
5202
2023
2864
13101
7021
6008
8099
10016
4128
3313
3711
6028
8059
4692
9013
11020
6711
5826
6952
10992
4637
4675
5473
11375
11818
7401
5659
1799
3138
3293
12400
1983
3021
6885
4305
4405
2549
4323
3716
6038
4383
7102
2932
7108
6870
5188
11100
4894
7319
6076
3389
6610
5531
5464
7057
4442
7372
10996
8408
5379
8544
8703
3457
5860
4817
5693
4947
5848
3751
7098
4027
5060
3882
4082
9101
4643
9138
15050
3259
4108
5353
6559
3752
3636
12504
7314
2404
2158
8749
4808
6389
3137
4702
3541
3845
6390
3781
3128
4290
3105
3223
7526
7294
6914
3835
7603
4594
5072
2053
1457
3273
2817
7475
7211
2813
8187
8380
4748
6710
7523
7230
8275
9815
7173
8345
5784
2377
8155
7260
6888
8095
8258
9039
906
9823
10597
3615
6106
10669
3287
7352
8294
10997
7178
2698
1361
3442
13084
13711
7710
11801
2
7241
8054
6115
9268
5394
2976
7103
7923
7234
7949
11821
5938
7382
4416
4117
6233
5282
3737
4960
8266
7897
8619
6628
9885
1762
1322
5971
4934
12303
7776
8622
9721
7909
4576
11493
9826
2365
7887
12664
7858
9813
6060
7871
13829
13780
10892
5541
2919
8264
5184
6037
4731
5479
7884
4658
5626
12795
7973
7913
7878
8143
7596
7982
6471
6240
3514
10299
9875
8471
5956
8985
4794
7992
8868
4364
7792
9711
9419
10846
10999
10982
5341
6706
6972
6804
8881
6368
7907
5311
7310
6740
12162
8196
8087
7869
5365
3888
4623
512
7933
9898
8070
7989
10912
4016
8077
8565
9196
4860
12861
9429
4688
9564
9818
9828
6903
8551
7941
8365
3327
3681
10064
9718
7226
8335
8138
10849
12801
6437
3114
9160
9820
7215
3619
3939
2412
3279
5544
3231
2342
11484
4527
8123
12189
8694
6397
9094
13327
10209
3384
7880
3943
4324
7948
9657
7905
6982
8395
8550
7975
7895
2224
571
7799
11627
1654
1693
1644
6958
8924
5314
334
11319
9682
8169
5233
10870
9110
7044
8192
9861
4633
7530
8666
8152
8160
2661
7726
6571
9376
1817
1857
2771
4774
3915
9045
9811
10984
12503
9841
5298
10630
4453
9821
3283
8390
8261
9848
11644
12499
12500
8661
11649
6482
8204
13451
7245
7818
994
997
10130
8181
5904
9515
10466
8158
285
1075
9199
6335
182
8595
12101
1510
5023
26000
3236
8880
4690
5065
9203
8008
1318
8735
4946
4660
5104
6775
3834
5074
3894
5142
4169
6455
4741
4375
10832
5520
5910
6075
7244
7885
6284
10165
11608
7216
6530
9506
7640
4783
12966
6825
3329
4805
14764
9867
8175
4813
4735
8860
30000
2775
6625
4583
9862
6680
8130
664
470
3907
3474
2359
3118
3536
1229
2646
171
2731
382
11588
3269
9869
8025
10624
9334
5893
5248
7563
7873
11799
8144
11490
3921
2385
4964
2383
5025
4536
5409
7015
4061
2401
8024
7213
11019
7016
7020
7297
11353
3072
2221
490
390
5291
5815
122
5920
3947
7077
7638
4053
1362
9560
5925
3545
10739
7007
7047
8795
5593
6868
370
940
7660
1736
12100
167
1120
428
5445
8810
2739
1207
1638
1746
6975
7950
11360
4592
3986
11089
6776
1441
2307
6523
1513
5080
10197
11926
4547
4554
4311
6755
1796
2418
3572
5157
3547
5740
8028
3652
6352
6665
5187
2421
4521
2959
3312
9888
9687
7262
10532
10437
4582
12979
5715
7235
7865
7531
7315
6915
12204
8964
14222
12326
7741
13796
11058
7063
13288
6082
12011
9860
12254
13170
7171
280
108
380
97
144
7437
11729
12641
6933
5907
8874
11149
9796
14663
14664
11823
13115
6815
9656
11213
9183
8660
1091
8845
14425
10920
10819
9571
10611
12915
14625
14300
10607
13772
13940
1554
11962
13258
11739
11341
7236
12635
12631
11107
8525
13864
9814
12356
9521
13076
9157
12877
10582
10428
9977
7277
6677
7448
8688
7899
10397
14345
14051
8522
9190
9614
8515
10658
11537
13446
12514
13993
13996
10745
9819
9015
1994
9805
5215
3337
507
1116
840
11138
9740
7080
13471
12012
7081
3537
14275
14590
12970
12336
13320
8446
13386
5782
8635
13114
13100
4833
9120
4910
5243
5470
10283
3552
6256
2322
4945
4464
8970
9345
9324
983
10040
10081
2945
11024
10348
10161
9950
9046
2855
10995
10785
9621
9085
11998
8060
4975
8968
2993
1743
12087
11495
8695
9197
15748
8535
11486
12088
7341
10225
11481
10935
10174
11666
9130
9868
7756
10180
9189
8305
9995
10520
10115
8830
11860
9175
9449
15912
13944
8460
9482
9962
8186
2627
3617
4820
3931
10415
2979
1899
6312
7790
7542
3243
14530
7576
8575
4175
7254
5182
568
5087
8457
8901
5936
4178
11584
7493
5576
4968
4343
4370
5583
3954
2279
6475
4773
1811
1522
1637
10558
11185
12015
10014
5604
3606
7771
6995
8520
12789
6668
3333
1667
7904
844
760
1355
7435
8019
10044
11955
11055
8547
1576
4327
1308
5380
6544
4307
4329
8876
6531
4890
2548
7380
5570
2735
1862
1504
235
1249
10433
6268
7589
3766
8217
9700
7535
9021
9330
1047
890
4961
12261
7408
6867
7769
6877
6273
8050
5720
6574
5330
10587
4765
8433
3422
4953
7014
4843
6220
7919
7175
6120
5837
11482
7217
8219
12138
11475
2724
7086
7242
5453
5873
6348
2031
5323
5739
4682
10187
3632
7073
9383
8232
8071
6808
3122
8769
7415
9698
3219
6340
3689
8432
4052
5558
7326
8333
5331
4882
9026
5899
5246
5889
6572
8104
6365
5987
9055
5823
8986
8780
8839
9859
6170
4944
6752
5742
6916
8284
1946
9154
6470
2494
3143
5786
5289
2011
5414
1841
4238
6358
1923
9187
2149
1215
1906
4264
233
4432
3369
4449
109
3181
148
3427
1657
1902
2197
1869
1424
6316
2392
6760
12117
3532
1483
13445
10236
8625
3641
2122
10015
1204
1110
494
738
4222
5105
77
4923
4597
2096
2913
4678
965
1201
459
1191
1161
1873
3944
2214
7045
6341
4256
7153
4876
3785
7539
5880
6266
9987
7585
6171
9280
1431
8110
6780
4320
5616
8448
8692
12460
5653
9098
5767
1287
630
4984
4669
4114
3822
4626
3887
10486
6749
4219
11506
13779
13064
5915
3272
9920
9908
11146
4888
3618
2369
2717
2339
5318
7477
4764
5210
5990
10400
6846
5527
6611
5212
6792
9958
3905
3490
8272
6970
4180
3571
5560
4810
9990
8835
9765
3645
10645
6791
2119
5463
4242
5919
5208
4852
6043
3123
4127
3377
4862
7087
394
3344
2245
1537
4777
5117
11499
1786
11702
5317
6904
6540
1914
2718
603
11188
885
3233
962
4387
7634
2728
930
1682
2438
9705
5424
5370
8183
14436
8325
8859
14765
8234
6088
10159
9630
10160
8185
7145
3966
8670
10837
10564
9134
8182
8131
5551
8862
9256
7545
7190
11326
735
5262
3191
9430
10368
11696
8431
9450
12142
7285
8226
10843
7270
8615
6465
6686
8438
1346
4758
5236
12402
8596
8428
11946
8422
8655
3581
9435
8789
8872
9255
5525
11810
5662
2535
2022
1049
2597
3690
5309
1031
1216
6157
4336
1661
3493
745
1255
2184
5268
1389
1014
2422
2193
3574
969
1943
1697
282
1169
3487
2524
6606
2004
1203
3566
744
718
4141
2758
1208
7920
6440
971
17302
1290
2452
1508
2219
2476
851
1194
260
2955
3466
2366
3193
1784
5064
1307
3666
2111
1511
2974
5287
1839
1556
1003
1013
1496
762
976
1472
1021
2587
723
992
705
716
4233
3428
2267
1156
863
533
751
2169
2061
1596
1776
326
7252
4857
1789
4284
4716
8917
7028
8360
9852
8871
4549
9525
6036
8665
7845
8920
917
9107
7994
9770
10698
11065
9299
8195
6098
4844
12812
15092
12448
9870
11654
6729
7930
5620
9155
12339
8379
11675
4887
5124
3039
11447
9314
11511
11345
8242
7460
6414
11827
4943
4715
3755
9035
4906
7359
7844
5993
6410
8855
5995
6790
9478
9315
11122
6180
4567
3853
3285
5964
9224
7952
10791
8960
7238
9229
14534
9177
7060
4078
9040
8996
8987
12090
3476
5358
8555
10544
3965
4720
4937
4893
13460
8480
5960
8914
10417
6873
13976
6708
10795
10384
4776
11148
4965
5965
1126
195
1390
4435
4481
6759
10359
12466
8775
10010
9520
12468
10024
11970
7815
3821
14003
11025
2009
2324
1695
5757
11715
1541
6853
9790
1448
5690
8693
10030
4385
3816
4588
4186
4586
7135
6959
1401
9036
2889
1514
7360
5975
4131
13270
11812
4580
5655
4585
8410
4428
7345
517
13530
12993
12401
6065
8233
702
6255
1889
304
2414
8220
6569
3352
1456
2556
1931
3772
2898
121
4152
4297
3444
5702
3211
4796
4859
5591
3717
5538
5259
10489
2516
2486
5682
2706
6801
8064
6692
5272
3523
3796
3431
5338
5686
5734
4124
4829
3993
2673
4461
4271
4029
4426
5029
7838
5607
5729
4931
5019
4557
4262
4606
4762
4439
5183
4288
4071
6936
3418
3126
5216
5275
1797
3032
6621
3891
3526
4613
4166
4148
3454
1908
3414
3349
7156
5256
7385
4635
3783
3316
4793
5292
4475
4038
6271
3178
4721
5207
4407
3927
3257
4488
5636
5511
4668
4104
5548
4569
5203
11299
5295
7782
3629
5807
1614
3854
5137
5666
10771
4804
4367
5967
4734
6713
3982
12999
1473
2752
6454
4816
5026
6427
3208
5167
4619
3151
5335
10033
5942
3161
4130
1649
4878
12475
10252
6535
11647
11841
11548
1713
